name,iau_name,salt_x1,salt_x1_err,salt_c,salt_c_err,rbtl_av,rbtl_av_err,rbtl_dm,rbtl_dm_err,xi_1,xi_2,xi_3,dm_residuals_twins,dm_residuals_salt,mask_twins,mask_salt
CSS110918_01,SN2011gf,0.9672069779539054,0.16534297462135328,-0.14822940104699978,0.02924371551161198,-0.38530264871727105,0.012061037311569203,0.09383764644996828,0.0822492343587681,-0.5405778691565973,0.5794594483927075,-1.2738678267539443,0.08063410579459865,0.12029637140726468,True,True
CSS110918_02,SN2011ga,-0.10593904291059175,0.20106978788211283,-0.0574139331774004,0.030794220249212745,-0.1122572851100739,0.01206353471449432,0.03954761898653335,0.05793018705497714,0.3040104483664838,-0.8280914137137627,0.5726737901323379,0.031051900746542224,0.009805545599703258,True,True
CSS120424_01,CSS120424\_01,0.9164772078163512,0.18652941535225498,-0.06203305012413041,0.030412658945571602,-0.17135503773111102,0.013151539002467067,0.02603999522994217,0.059350603688593385,-1.188421925352534,1.0681199047903884,0.4070942695311118,-0.009119892884978126,0.09836769066874762,True,True
CSS130502_01,CSS130502\_01,-0.03188227592402271,0.20593850850064843,-0.10691714580991774,0.03090892957920155,-0.21745261593482476,0.01182641408054812,0.18599881567202634,0.06501001618233862,2.088746262896435,-1.1086960536880892,-0.3219064324326349,0.16345764983002734,0.1686137123074989,True,True
LSQ12dbr,LSQ12dbr,1.1216619363281577,0.10341037412756826,-0.1401462193176427,0.027259858458078823,-0.37668332993520715,0.011939041208750778,0.03822839838807156,0.11738023218338377,0.12350578848896605,0.9533169055835291,-1.6440630058463266,0.014981013595786852,0.0667118168986427,False,False
LSQ12ekl,LSQ12ekl,-0.6474623997589859,0.13428722441865304,-0.07434930699751607,0.02936996684538218,0.1389926931308165,0.01636674770276938,-0.04304143355763772,0.03324667413496832,0.32079364841957764,-1.5885411854639455,0.9828212791199443,-0.038371513503766816,0.13409439393586098,False,False
LSQ12fhe,LSQ12fhe,1.2078242596627717,0.18464512216737372,0.029516943403625318,0.030433873315504678,-0.0753561485951788,0.012034420274095998,-0.3407077424906002,0.08301749221995751,4.8111409139014585,1.1370111888440346,-0.6886937168342515,-0.04238143899734903,-0.31572405951549687,True,True
LSQ12fhs,LSQ12fhs,-1.106154525527078,0.2567672514860142,0.3899650825450802,0.03675245208022626,1.2936215445576706,0.013424277606089231,0.007941710586765214,0.06876124049792189,7.327082918374566,4.930703178374132,2.7774627237159186,0.4566445217037735,0.52805776285809,False,False
LSQ12fxd,LSQ12fxd,0.31217450727217155,0.14227134940882102,-0.049182704263014854,0.03042030837982662,-0.15368056164346242,0.011995655556190046,-0.18269012994031048,0.07000177294424609,-1.0815469849783717,2.3273181621477153,0.2879861704079621,-0.20894141194800053,-0.19747202062787395,True,True
LSQ12gxj,LSQ12gxj,0.799737108943205,0.2140218548231294,0.21284473937758253,0.0345795571025137,0.5381768359055553,0.012537386859436811,0.5226683026723327,0.0643812015366651,0.5169959556166766,0.8338712632686865,-1.1600467060392552,0.6025687112505795,0.8076345495792534,False,False
LSQ12hjm,LSQ12hjm,-0.6966854478898377,0.22653894597683966,-0.11205274596902126,0.0353272609327871,-0.1311191246249112,0.012873590011526785,0.061443418598646576,0.03304326910542909,2.269832908328725,-1.3071085899951238,-0.020292419448093266,0.05232562342582088,0.052651884061334364,True,True
LSQ13aiz,LSQ13aiz,-0.025793078563655314,0.1435231061953024,0.03465894026739269,0.03014433310356912,0.10848234638863899,0.014847380108688562,-0.6961229873024007,0.211467981124039,-4.33774185290073,0.4300871544129736,-0.21268205596665024,-0.7065795979236082,-0.6186525836984931,False,False
LSQ13avx,LSQ13avx,0.9251531302061906,0.24125709967526632,0.18210110579155936,0.037315962537341596,0.4032849908108749,0.015469103539373438,0.15721765208898852,0.0863958207899993,2.902213610658221,3.620823131555306,1.9233633551171638,0.4568203865989457,0.3894455005783959,False,False
LSQ13vy,LSQ13vy,-1.2882038741239654,0.12467203181038222,0.03623669151500808,0.030992876214200993,0.3056390155705925,0.015499759207506649,-0.013060924980544139,0.05327407297142991,-5.3765055477312,0.2063292120085146,-0.36505532998858464,0.004023704131891773,0.055477935942773726,False,False
LSQ14cnm,LSQ14cnm,0.250884303261925,0.15837291436755319,-0.08756440043762903,0.02928261919205133,-0.23128155306222256,0.012032235498677499,0.013479261132725354,0.06671535216571421,-0.9070191083129886,1.5320542689754724,-0.3173771361902895,-0.008456221747846434,-0.03430974083177052,True,True
PTF09dlc,PTF09dlc,0.335407701440257,0.13604702579572958,-0.06466502318191392,0.028532310774125325,-0.18742059280681497,0.012473717965694889,0.08159699945334775,0.03461847844993618,-1.321257493138265,1.7472549311027463,0.6754590093384862,0.05928684912268513,0.057297110919275696,True,True
PTF09dnl,PTF09dnl,0.9211337202549039,0.11804879204081509,0.06392354317975624,0.02744965994409032,0.013005144504516161,0.011986883206089576,-0.10002644183620737,0.09394930475120267,-2.3107604105657473,0.9898910459670225,-1.5153967279599834,-0.0644171977775131,-0.06397517764186311,True,True
PTF09dnp,PTF09dnp,-0.5324272508105672,0.2355066448296137,-0.041892912394515536,0.030389116962547813,-0.08167397656191291,0.01159255659535956,-0.1400548646253091,0.058836713960886695,2.392927368160723,-1.6211708572271613,-2.6973835850757113,-0.17484017569408328,-0.14066547031684173,True,True
PTF09fox,PTF09fox,0.4961454078746783,0.2856993584791603,-0.06410100362257509,0.03159909907054115,-0.1989546917823359,0.012431024094588562,0.011153741819879746,0.03262022281157303,-0.7670052558550052,0.0794743971085428,-0.4293602895736266,-0.003457484781899344,0.04356934436989324,True,True
PTF09foz,PTF09foz,-0.9500217452551123,0.319409000946715,0.0013674189209802456,0.03432813458116302,0.033108382759993074,0.012323058573458553,-0.04187276980025671,0.042169926382272835,-0.8432154859854009,-0.40956148433708744,2.0673244854615125,-0.04853325338329609,-0.15424020545298855,True,True
PTF10hmv,PTF10hmv,1.3500359896842191,0.1601777107077753,0.14389652223601845,0.030624724169764805,0.3533064085524854,0.012030113131828592,0.13093384550508855,0.06813434325731389,0.9115371465562676,1.4982855037211265,1.472980386331212,0.3115177251876654,0.42710920667159336,True,True
PTF10icb,PTF10icb,0.3837420635247213,0.1116684231106122,0.05152210946428881,0.02831257175223223,0.15336383447310306,0.011792583229651798,0.4087615723072948,0.24160242656411593,1.4034360521106088,-0.7028523011465927,0.21087191324033114,0.43460423117438696,0.5585564067582123,False,False
PTF10mwb,PTF10mwb,-0.7483540004787113,0.10480678316877157,-0.03133572415352637,0.027474939861270364,0.11659765632792216,0.011825714273244683,0.034276779831364707,0.07036964206668396,0.3574457218681545,-1.5268576282238542,0.8654554481364566,0.040055429804116305,0.12262196352078991,True,True
PTF10ndc,PTF10ndc,1.1679570429509276,0.1848618974806362,-0.05433348714097419,0.028016944991553216,-0.21878401981825799,0.012372543733393821,0.001772130567501154,0.028904602851902425,-0.2915842045956028,1.1663544798666958,-1.1815594040152597,0.001353585158951759,0.050309918366933104,True,True
PTF10nlg,PTF10nlg,0.7805579803307303,0.1527620516876178,0.13124064421760306,0.02905288525966576,0.38118461734165276,0.012573387182296192,0.07199995956640713,0.040402324075793306,-4.296843174882689,0.033621894578185464,0.24782629610389414,0.09238653997664238,0.39773062859634845,True,False
PTF10qjl,PTF10qjl,1.4974746758827386,0.16946085666425237,-0.02570622960639246,0.030995761591168014,-0.16068286637178117,0.014997647992614976,0.008275095028725022,0.039796850925523514,-0.8142946467575332,1.1336139663541545,0.002523034568258539,-0.008759428083381992,0.12192525147861577,False,False
PTF10qjq,PTF10qjq,-0.15890984948192788,0.10612668473795228,0.03941830553327219,0.02876126130743306,0.11017904820963817,0.012222107710332079,-0.09658258917162788,0.07812534821726987,2.1878850757646258,-0.6858910858790042,-0.7218424589359881,-0.07882497631637381,-0.03989761909450884,True,True
PTF10qyz,PTF10qyz,-1.29840862096769,0.1921600938437713,-0.13534714176916618,0.03095566023352858,-0.09636249587262746,0.012836585093617136,0.23563752228490437,0.03564174901671748,-0.479744453714387,-2.387762247462527,1.1287558842057646,0.17805419973396056,0.19145350530547312,False,False
PTF10tce,PTF10tce,0.5961617731348063,0.13507908266577306,0.05351661208327285,0.028884893826944258,-0.04772406689196412,0.013071367662989141,0.017143866173995163,0.0560440901131801,-3.169017879323771,1.3113938430646843,-0.44382043475550514,0.0036847809057713905,0.000522225417630473,True,True
PTF10ufj,PTF10ufj,0.10697785754176081,0.16410455712481564,-0.10894235135573149,0.029515431083756205,-0.12873327059333525,0.013343268824753556,0.05469939996078457,0.03243865517463717,-1.383281055259459,0.8238159971901873,1.6586170141765906,0.03434918465097078,0.15554686793322858,True,True
PTF10wnm,PTF10wnm,0.6512295447977952,0.148050862025646,-0.020125498194637492,0.028977616042514642,-0.11421025055265488,0.012254923138807527,0.020612708623240186,0.035136886057862464,0.7155916922654183,0.9342290953852296,-1.147347337134637,0.023358984682604427,0.040480190645483916,True,True
PTF10wof,PTF10wof,0.2571937271956326,0.14981771017519208,0.009657520335757175,0.029526656970890075,0.029470212514222396,0.012346544547731509,0.10320890853086921,0.04360769003279931,-2.9545481758794865,-0.31750112558884647,0.40064132727009116,0.0599339958056645,0.15841629134014745,True,True
PTF10ygu,PTF10ygu,0.2702134897630959,0.12059352612237895,0.45288650488507853,0.028700558620671446,0.8321397547906737,0.013286388055624635,-0.2950350744637035,0.0841816266871127,-4.367742425193228,1.621962944865432,-2.406940933626846,-0.14282509061994753,-0.1789156624311179,False,False
PTF10zdk,PTF10zdk,0.3153674612209052,0.18134004897533273,0.09147482727882528,0.03396969411212225,0.23494385169134138,0.011982594493235963,0.0318608152178919,0.0691633891862268,-2.088573177635703,0.9414702280971772,2.3256935752166155,0.06007209494660749,0.16257501983408496,True,True
PTF11bgv,PTF11bgv,-0.1531602056075574,0.12433839373290567,0.06846683322114089,0.029632141183067784,0.30067178348358625,0.011734837472618815,-0.02927977528082302,0.06572744854025246,2.5593344122202146,-0.9065815617433836,-0.8915656491235001,0.02782090996730651,0.17549271859204918,True,True
PTF11bju,PTF11bju,1.017919910210205,0.18487970392362918,0.042087529280949054,0.03150973979840066,0.03490032893519407,0.011959677272271475,-0.1645704343802068,0.06596165824996965,4.962573742222477,1.1688536010814066,-0.7043870590380861,0.18285261749105242,-0.08268460447589643,True,True
PTF11bnx,PTF11bnx,0.013508489525049683,0.17176869322709276,0.1057226334774799,0.031911564020164596,0.2426240878660286,0.012642697632422489,0.12617833242197066,0.04082873459343166,-2.1337413848398907,0.1077171503760991,1.5204791193602838,0.11156969468912808,0.18844377886996444,True,True
PTF11bui,PTF11bui,0.7725154628148712,0.10950214137599446,0.06617977051744717,0.029236413890362023,0.029088697770359412,0.012310325077903821,0.0427623177144245,0.07621871122638646,-2.000658593136042,1.483550414178487,-2.6950192156843,0.12832731894853747,0.03672393294385756,True,False
PTF11cao,PTF11cao,0.17132065288672393,0.1521566128247125,0.05969365459032727,0.03138284328781049,0.19274932705602166,0.012452677198532113,-0.045080765583778055,0.05513476411506492,-3.6714122784485785,-0.40549783669499295,0.992201391362889,-0.0963051224573731,0.08526902930256064,True,True
PTF11drz,PTF11drz,0.5363605975651549,0.4574000759235517,0.02376308078485323,0.03658676863909871,0.006351767780595069,0.012435321637655003,0.06253353234479862,0.0393757845390439,-1.598624301919106,-0.39816004557060847,0.27882685110982597,0.03211446387594459,0.11219823427934195,True,True
PTF11kjn,PTF11kjn,-2.447820011729193,0.08538900915245629,0.2636846680269396,0.029975240618756782,1.1804728809546243,0.0125015136250456,-0.025726789596989114,0.09824788640192479,-0.32160736811055995,-5.243579529882405,1.655206915754304,0.0455340685635731,0.4126823052253723,False,False
PTF11kly,PTF11kly,-0.6219978701807563,0.08517482996450276,-0.07374016459708777,0.025927876077440404,-0.13055030847912566,0.011670886510456622,0.6320240593521039,1.7990909242858468,1.425213305499304,-1.1628420208398813,0.37291012596114537,0.611839785412845,0.5555353772320055,False,False
PTF11mkx,PTF11mkx,0.7288044656267072,0.1612703491490377,0.035341947594683676,0.030297629219593447,-0.005509208888978143,0.012362324922205972,-0.48274621396808354,0.04191249291693136,5.171529905299554,1.2583618553502094,-0.7012487994238398,-0.18658464977434291,-0.4852015519480961,True,True
PTF11mty,PTF11mty,0.650965150212997,0.17823789662234724,-0.05543965380093885,0.02977874655302626,-0.18628695699637562,0.013252201416299092,-0.021525652189722348,0.031251247929812195,1.056995260870011,0.4670812871634594,-0.1809819262322465,-0.018059386582652694,0.011686055777480497,True,True
PTF11pdk,PTF11pdk,0.3090730611020387,0.28202862274835283,-0.07038774575249351,0.03462468004328667,-0.13875660207423915,0.013132669895773897,0.04270449498623931,0.02828547071872988,1.5021705214911134,-0.32546968110698826,0.2356172241188144,0.05722714724955548,0.08531207189682366,True,False
PTF11qmo,PTF11qmo,0.18392344339848776,0.31807829445645286,-0.0898408903729031,0.034725366768475874,-0.24379474951583116,0.012653285138562299,-0.12142604100074829,0.04006849632388304,1.5693107285754382,0.3291854517162633,0.2660030210097058,-0.10718813680229293,-0.18276856952334963,True,True
PTF12ena,PTF12ena,0.8976458855681706,0.13766861089352833,0.30805885458104587,0.03134460656082383,0.7528911787245529,0.012335248313561226,0.02890353218753153,0.12630815351863417,0.6674709557271814,0.9111694202554009,0.5171807783776127,0.16435528974801342,0.3531657578415519,False,False
PTF12evo,PTF12evo,0.6989903218374387,0.15451956231193975,0.03007925618170515,0.030190389869535483,0.05981706513038307,0.013563301581888617,-0.12082636300133244,0.03532854924855641,-0.41820199474977143,2.3732743112796024,1.5552015738342055,-0.03948841269834172,0.05748211385365476,True,True
PTF12fuu,PTF12fuu,0.43599679153967585,0.13032651457070088,-0.1304954817592644,0.029868434807765076,-0.3042588919084396,0.012957312008745815,0.17964840540731628,0.046113745097137775,0.19994414242087138,0.9979540310576401,-0.48062515212140655,0.17138261833019808,0.16292754742343174,True,True
PTF12ghy,PTF12ghy,-0.41938574138091944,0.10738397317626092,0.24342260331138377,0.02880383227862282,0.6529748644789202,0.012357622824834616,-0.1202498894802655,0.06425482813415108,0.4325092205522349,-1.1194242655681392,1.0264813449835608,-0.039940581796749294,0.05091846494208507,False,False
PTF12grk,PTF12grk,-1.5387274490063731,0.14647373817014397,-0.04621648898357633,0.03119979619473745,0.15235471105268503,0.014353431402436568,-0.026566753991466255,0.03416469754265336,-5.188793923730012,-0.10807299948294036,-0.009865825080620344,-0.05223292703021633,0.032902946994600946,True,True
PTF12hwb,PTF12hwb,0.7586705038196833,0.1387566100113613,0.1820180603999999,0.029463814257317367,0.33915824647285153,0.017255807867377123,0.15176698518511417,0.04296022054416698,-2.2350974561664216,1.8990142963452787,-1.790504478280056,0.2323386434117729,0.30868939575767396,False,False
PTF12iiq,PTF12iiq,-1.2266874522531026,0.10860804637492105,0.009071328521859545,0.0284911502873057,0.13911597673934295,0.012614048881666427,0.07414041879406846,0.07715510588950822,-6.109463413694261,0.17813280596430134,0.09011458407856418,0.08896229443864981,0.03675103847371197,True,True
PTF12ikt,PTF12ikt,-0.20219131537274215,0.11804552154679282,-0.032406079816478695,0.02945127210612053,-0.029070982962141695,0.012244346783621678,0.020255164371794535,0.05042990697444909,1.7420240577442225,-1.217974787646054,-0.43210133927541194,-0.003421630894703844,0.04694324456769383,True,True
PTF12jqh,PTF12jqh,0.9965253423548646,0.18874239607044707,-0.034176845369200626,0.03122716937006248,-0.19419434373588815,0.013392462905883171,0.0761664985977894,0.04767474014792848,-1.8916953005643116,1.7607982305967693,-1.2714820036808228,0.08579280692789812,0.09398804461295374,True,True
PTF13anh,PTF13anh,-0.3288608032144058,0.17746856769888275,-0.04057531565424988,0.0338735350684638,-0.032495586984125246,0.01267859258463421,0.0027989560906695986,0.035942811468235275,-3.0409769111590514,-0.523448399664948,1.0396833127775356,-0.08134318497195889,0.006886706827448741,True,True
PTF13asv,PTF13asv,0.49179671393564206,0.10008587314456285,-0.15085994328896413,0.026774819019199647,-0.44000960638493525,0.01242771192203576,0.08716061281355293,0.06439032536056631,2.9223854029454714,0.21290366494606183,-1.1966990419013606,0.12579643733077517,-0.03145467511349764,False,False
PTF13ayw,PTF13ayw,-1.4761209898501697,0.28458349810672345,-0.03776582822866792,0.036684074989009385,0.09199372188281456,0.012529781968218228,0.08857483334172295,0.04158183229877523,-0.625269485026223,-2.1264290113931787,-1.1179172156537334,0.09131367271956081,0.0584557797515739,True,True
PTF13azs,PTF13azs,0.03811130332477042,0.11160212353511056,0.23707155525830625,0.029690438070772096,0.6996212241476989,0.015161851025691866,0.17199565652870447,0.06610528939050568,-2.0987291919982796,-0.24300773142489474,1.2060285267315694,0.19205316948064538,0.4770183355779736,False,False
SN2004ef,SN2004ef,-1.3244453085365784,0.2538122585556568,0.07438365376697575,0.030596542348888978,0.29426984995427957,0.012139960802198342,-0.03618213820759429,0.07406918289474335,-3.36894571024474,-0.5645893155148972,-0.5753911377825133,-0.02012118741078954,-0.04707848036858753,True,True
SN2004gc,SN2004gc,-0.01715380637942765,0.15430591687498119,0.05714836609675111,0.03596721759251298,0.062468344640377045,0.017952500722726035,-0.09655248653411636,0.06960790212895562,-2.959092699649044,-0.2834438210188515,1.9540797150716003,-0.15329539393540959,-0.1320085812497327,False,False
SN2005M,SN2005M,0.5866000451366897,0.6531917283085908,0.009302083683148554,0.03117431952369215,0.0022671777252104286,0.012047993803558789,-0.21294596989472456,0.08465205873514933,1.699334094085029,2.7185968403307057,2.625393657986539,0.008213040260319326,-0.1475118998973155,True,True
SN2005cc,SN2005cc,-1.1663296585498237,0.20037100266885322,0.38303958070076893,0.03843243653307793,1.2748366205762414,0.015083522562832132,1.4053454600209838,0.27695769004612153,4.994541441909616,3.9816051030892416,2.6109942300514395,1.872801669895622,1.8899070566889709,False,False
SN2005cf,SN2005cf,-0.11325177552416754,0.17485847545533773,-0.03483298644905952,0.03191026279308007,-0.13511877652925833,0.011793784356833863,0.03419704363504375,0.30977962287528465,-1.568872734470776,1.0951593447640793,0.40349790333586666,-0.0075617217619723676,-0.037178308350075184,False,False
SN2005cg,SN2005cg,1.256842236540166,0.3328114073516204,-0.05505751902954348,0.034369367563302,-0.2333054278541963,0.012701509173320401,0.07767324564741733,0.07247086522000758,-1.2152490181650033,1.5852863541881008,-0.467936815990561,0.05634874394200774,0.1414812720514007,True,True
SN2005di,SN2005di,-0.6104454135638466,0.19985906448959767,0.3567714359546217,0.03354741882795387,1.10035760430135,0.012528679725157409,-0.002690572033524175,0.09024262420499629,1.2535162483314426,-1.05039835630611,0.6545997089112807,0.13679357479949272,0.41596504972294746,False,False
SN2005el,SN2005el,-1.29804689881745,0.10024328642427616,-0.1754195129064282,0.029854784672440182,-0.14425654106677135,0.01374923241427084,0.10571081112736704,0.14591664785391975,0.5426784591880676,-0.7481848091123083,-0.9743088576329075,0.08315919431304425,0.10101748376033104,False,False
SN2005hc,SN2005hc,1.065669535193205,0.31535375204903904,-0.04968576372384881,0.03272114655985631,-0.2769629642590832,0.01213786247095558,0.2049402802965831,0.04902118287926798,-1.4622345555337048,1.5868621606871924,-0.356385266125338,0.18300674551154447,0.16196757030389897,True,True
SN2005hj,SN2005hj,1.6302975441715475,0.39947216935170005,0.014123307395048856,0.03531307456904431,-0.09186211518262047,0.012511557488981785,-0.13013179003474537,0.040078224730071534,3.1948163844989783,0.35018552600884434,-0.8570641439739561,-0.00976768355483626,-0.0186289308010954,True,True
SN2005ir,SN2005ir,1.2715562443015234,0.578694899544379,0.026875052245934228,0.045606485328691326,-0.11761771749888314,0.014601143955509124,-0.09375193831814381,0.03201856717137844,-2.733569375044358,1.2398848262466209,-2.2427639663618515,-0.06908081825677002,-0.06581070588381088,True,True
SN2005ki,SN2005ki,-1.4293912853072221,0.6419921859839892,-0.10207543657892071,0.038599673596543815,-0.09161187283945646,0.011875433946201566,0.018388778193551673,0.1053715140306088,0.21648305197470974,-1.9198445026728435,-0.9359188945208919,-0.017585155704122054,-0.08949485885588171,False,False
SN2006X,SN2006X,0.3433660135796064,0.19766170031164343,1.2464706591060541,0.03932128113344446,3.314865914970785,0.01880031560744908,-2.0880786531379734,0.34364680012255994,-6.338448306282947,2.7486210173525056,-1.1385587156660288,-1.665286778513215,-0.9295671529440543,False,False
SN2006cj,SN2006cj,0.3965104369359125,0.17763744406238846,-0.05892449634835617,0.02991077324739061,-0.12251675470251086,0.012352401702922844,0.0009536968007127639,0.03358869420356001,1.2181027417541104,0.3858246537205571,-0.9313056391927949,-0.00241441001056919,0.02926741860422588,True,True
SN2006dm,SN2006dm,-1.8849701693176808,0.3279127104793371,-0.032692787287989966,0.03642618308397494,0.23649350620719362,0.01240366386834862,0.08695193377154206,0.10497551916570183,-0.8657832282795596,-2.9291448264266706,0.7628851314564697,0.05263887703550563,0.12365443183129354,True,True
SN2006do,SN2006do,-1.9145378950382703,0.45187313344157065,-0.02653447315548496,0.03520413359097607,0.1652143207138165,0.011871117164979052,-0.029224135137245387,0.07991583408757294,-1.9500817550249436,-0.991803071904658,-0.8071740754148032,-0.019064979602249836,-0.055524691640350454,True,True
SN2006ob,SN2006ob,-2.425515230312419,0.3247321053804302,-0.0512761696153452,0.03601587936400996,0.1231159268897455,0.012397702404127816,0.012944846200093677,0.03887878693925903,0.05106705342183615,-2.7517766243798056,-0.4376636935543015,-0.02465806231221365,-0.0836346962250607,True,True
SN2007bc,SN2007bc,-0.7388383104376537,0.2933885770114868,-0.007739202569287507,0.03705521975305476,-0.026524243870435837,0.016815284569972073,0.04743932829311463,0.09994776814994634,2.0868602090144246,-1.630440588959142,0.09617781310498395,0.030850061401767243,-0.0727562126485033,False,False
SN2007bd,SN2007bd,-0.6484133041201083,0.3293394728653487,-0.08092368472143585,0.031401149296748476,-0.09170266180038508,0.011998022638540532,0.04478607820251984,0.06989468909939715,-1.0084616740887438,-0.8290217495125105,-0.7727648208523158,0.039476336550650915,0.02125614409171739,True,True
SN2007cq,SN2007cq,-0.34261501726429877,0.16422344645365872,-0.07589569388870965,0.030676533034556475,-0.08049859999724443,0.01264606380911653,-0.16848647948591508,0.08816016008360081,2.346686100724198,-1.314004645032058,0.048053049185961705,-0.18384889263596388,-0.17077990215870287,True,True
SN2007fr,SN2007fr,-2.623945327681283,0.12353221745916088,-0.018512855056409983,0.031243755532978645,0.40581631308222665,0.012538518703966503,0.0313844165017325,0.0450103866476351,0.4920251678619346,-3.8581165510344153,0.2650362256121741,0.008043949731686997,0.12501203539987582,True,False
SN2007kk,SN2007kk,0.851468836911673,0.21103724039178307,-0.009208198126784195,0.030259609262213993,-0.139838857387084,0.012261928922190793,-0.20790887089227042,0.054372742231606194,-2.5112657163019336,1.594281542922755,-0.9886520691629019,-0.2342054616059328,-0.18231273077203092,True,True
SN2007le,SN2007le,0.45812776165451474,0.19364543368716092,0.2700030764403951,0.03300265772525535,0.6132610312408424,0.013356314151372336,0.26304258329447666,0.39318816430723685,-3.6513795450778446,0.689114649010553,-0.29116628466084205,0.3185387355031432,0.4600297412724421,False,False
SN2007nq,SN2007nq,-2.1649767495603234,0.3511043101168312,-0.02929077665651647,0.040532845001100104,0.14245101276366423,0.013019699872054848,-0.05899255581489905,0.05071534503036605,-1.5216397017077812,-2.5204676844246836,0.26185483554509303,-0.116675264231424,-0.1705529840717075,True,True
SN2007qe,SN2007qe,0.860103997930338,0.2872966206787533,0.06784144605581455,0.038905445861220356,0.07607604745280988,0.012512459507565295,0.06913650212374853,0.09580620060709247,-5.129608643469816,0.6922698767183739,-0.24612340297492416,0.0653171526410774,0.1432577180174066,True,False
SN2008ec,SN2008ec,-1.0454153360638951,0.10740418614078084,0.10674794507082064,0.02877723936861265,0.4141185535638532,0.011836024763268787,-0.0440028953505186,0.14499591366755055,0.3493928048821721,-1.8775087083660165,0.2853790375364118,-0.014744194683443734,0.05388727894756684,False,False
SN2009hi,SN2009hi,-2.140239567976124,0.10344569486718669,0.0965627855214084,0.03692824591991262,0.5813587582629941,0.017342274566217047,-0.029624275647967505,0.056429702368361465,-1.0373007238094976,-2.7809617672830087,-1.822925092744975,0.01357097099698755,0.10880021968767828,False,False
SN2009hs,SN2009hs,-2.5946212028343307,0.11783322541705044,0.09990620140790085,0.03226782732871403,0.6762766144387466,0.01193293350099851,0.14042866508108973,0.07946562732216696,1.6307650250944328,-4.465691740658181,0.5864083495183864,0.16993333186791684,0.3321464863919088,False,False
SN2009ig,SN2009ig,0.9781617257363084,0.04788544237047354,0.0038440187000989834,0.02544005834727403,-0.06530057030804451,0.012090354143807509,-0.0947567910883757,0.2713291652704779,-1.9423411662205836,1.600887025760475,-2.4508538134272384,-0.04799873032097712,-0.03394822245059359,False,False
SN2010dt,SN2010dt,0.039809926576596766,0.11984585883975996,-0.07385487816269787,0.02867741914993599,-0.11314410995259994,0.01213021999336634,0.02052706745863173,0.042306056843803,-0.37272395967866223,-1.512195689134548,1.3300116047841264,-0.01879800748797852,0.055550576388207595,True,True
SN2010ex,SN2010ex,0.5435159494026145,0.1455061899191037,-0.07376681194765544,0.028792056046460512,-0.19288513050888498,0.011960902871688026,0.2505449024982325,0.10092022022623671,-0.08458742676869477,0.7661906561355692,-0.39333314105491923,0.25049264905767143,0.2656791554612177,True,True
SN2010kg,SN2010kg,-1.445211140718186,0.646562800251163,0.07725896873113869,0.038755511563088096,0.3197665319124792,0.012251637529863794,-0.15774695758230567,0.134584638869384,-4.3184699362329635,1.29708945790011,-2.1077290831881488,-0.0743729602124289,-0.14279670073389283,False,False
SN2011ay,SN2011ay,-1.1044895311413203,0.17574859838790946,0.45258054570544215,0.03540586283414349,1.1371222627315498,0.012098309457415074,-0.5266517441850269,0.10268295637336204,6.457162096891123,4.89161462222855,2.831809960285952,-0.0920507090619811,-0.28357347918920084,False,False
SN2012cu,SN2012cu,0.18564646544072616,0.1043392902942335,1.0360455339447223,0.030574017209177073,2.771933263288364,0.012069325823486562,-0.21614747374661106,0.47522953679947266,1.8574569663567648,0.03478848128709397,-0.2578616230030502,0.15968489773748093,0.8232741861258823,False,False
SN2012fr,SN2012fr,0.9190291921188898,0.08442045854671054,-0.05431438870894634,0.02677113719329971,-0.2724342748540661,0.012226140098831424,-0.36905655320880426,0.42315729136865826,-2.2164731170255103,2.008117505187381,-1.7005863551959057,-0.3668716357694588,-0.43269122857386577,False,False
SNBOSS38,SNBOSS38,1.4419367231632592,0.08564454279656442,0.14610707812570456,0.02806475601943903,0.3211372177290565,0.011317656141542988,-0.2821201875766648,0.22996127019438672,2.5483305135137244,-2.2517938320495516,-1.7611393391123773,-0.2389335092281222,0.02657254768655548,False,False
SNF20050728-006,SNF20050728-006,0.46369244242690044,0.3135336842537031,0.1168073535786407,0.03479327995488224,0.2756850475749572,0.013771722018555109,-0.09446673965508341,0.03929710080761836,-0.9372775734300518,-0.5565387440585684,0.3392524256387125,-0.08458967468206328,0.07799868073220573,True,True
SNF20050729-002,SNF20050729-002,0.9191778137885578,0.3392196144023467,-0.10650107110002582,0.03775934849475915,-0.25999773611004906,0.01809954144097773,0.128447079363974,0.03015946528581522,0.6212742771228899,-0.5363246614997796,0.15209491172562875,0.1039503037959223,0.19614769543894273,False,False
SNF20050821-007,SNF20050821-007,0.42157677240695257,0.2925278272811518,-0.04333908488391991,0.036082114838752566,-0.20493897002770808,0.013883284553056395,0.02938915038379678,0.03950884291120325,-2.5804630555128076,2.820656326633123,0.3550733079232296,-0.005216599941389188,-0.016062029074503492,True,True
SNF20050927-005,SNF20050927-005,0.1936456671026825,0.34529582461407227,0.01785352462583889,0.035431370015462815,0.03312500243258741,0.014327838322405567,0.30092387249748376,0.056245217195408315,-0.17575971741145283,-1.6876838644034655,1.2207594658553576,0.2824555947663384,0.3385473233484948,False,False
SNF20051003-004,SNF20051003-004,1.1608827160658919,0.15963962716670999,-0.09966729524816476,0.02966703127038567,-0.34919966589478324,0.013369533305762918,0.07114935881488457,0.06540229729566054,2.029739255458577,0.4890408991582134,-1.4625612674812054,0.06808744438476547,0.076629880178122,True,True
SNF20060511-014,SNF20060511-014,-0.775872841182137,0.18225614170661597,-0.04085945817121761,0.03474063907104208,-0.030432601638596513,0.013347312353138734,0.03730027892782241,0.04801338052382334,-0.3963983891916221,-1.8280807772382608,1.5009685908386956,0.003240428572296436,-0.04479465693187912,True,True
SNF20060512-001,SNF20060512-001,0.3996548464994394,0.1449195067610649,-0.007347509451234968,0.02951491837253284,0.04582694581950358,0.011959823922656156,-0.096327217411004,0.05680200240361748,1.8102584747384365,2.583916561771514,2.1794439630292404,0.14078541252232205,-0.012132888429116306,True,True
SNF20060512-002,SNF20060512-002,-0.26407680536280864,0.2327653768211535,0.08561848447104214,0.032869546548955575,0.07879556988549422,0.014596697764151994,-0.19701945042257288,0.04459449320761605,-1.9929875232747325,1.0801003924463748,-1.4105253222884304,-0.15276913430820346,-0.3717398742044047,False,False
SNF20060521-001,SNF20060521-001,-1.6287730864464827,0.28911792101269373,-0.11120495381149265,0.035523639132651885,-0.05654983501219507,0.013063721127533599,0.04715100533493215,0.03404238698633966,1.2375399491849692,-2.2417730344887423,-0.49652498443236276,-0.0018033754837585708,-0.022131146756349196,True,True
SNF20060521-008,SNF20060521-008,-1.3462364614325537,0.31925850656027066,0.1215888173537154,0.042467703400797197,0.4037703303396134,0.016336608359294565,-0.2056895525886294,0.04112755963207483,-3.9163609790317704,-0.46587380108673465,-1.6036561037626038,-0.1348902598617871,-0.22184757308194136,False,False
SNF20060526-003,SNF20060526-003,0.296337752648558,0.2496962716716915,-0.01764674612378503,0.031493963564651506,-0.051287362204238546,0.012771007845982323,-0.027197283810654355,0.02981990667558965,-0.22356982984834373,0.7618735259389808,-0.46517026494865066,-0.018314999420459086,0.0017908479163928348,True,True
SNF20060530-003,SNF20060530-003,1.3697709185367746,0.20034890425327667,-0.04164344026546618,0.030687402520451212,-0.26815019654665784,0.016534385441201213,-0.05738486163460946,0.04060110069893064,-1.3681215607764916,1.5648624742889718,-2.242445254465481,-0.040217266205112484,-0.023673559940451838,False,False
SNF20060609-002,SNF20060609-002,0.27391553113250744,0.14682598262309732,0.2056205578233028,0.031249833585961673,0.5465079858071057,0.01251451138623502,-0.1526338300333072,0.0555128981432595,2.3661642672856202,-0.054574239329549655,-1.1551125154213389,-0.047094159077989056,0.09139540595710738,False,False
SNF20060618-023,SNF20060618-023,-0.12324750839147924,0.1872168656510791,0.04564410897642479,0.031537871573099174,0.029592491629564774,0.017129562524550102,-0.2671657329793228,0.025971151192907993,3.413035256833203,1.1453590293674734,0.343201109088854,-0.03593142233935387,-0.35783602936151837,False,False
SNF20060621-015,SNF20060621-015,0.5125516797878742,0.21528907738238612,-0.10192636058471116,0.030716272806309064,-0.24711241409867138,0.012151158039105972,-0.03140688179015028,0.04122105610478562,0.8632962996182814,0.10729224522365544,0.7121032896367695,-0.025725286494413906,-0.014212509123939121,True,True
SNF20060907-000,SNF20060907-000,-0.12220687726452084,0.22248206241295332,-0.10847266137200273,0.030001724533357588,-0.21393159289768512,0.0124917185004045,0.08408369384539399,0.03998871668609106,0.3148106839389947,-0.9283501991856986,1.6794208968897388,0.08494667949761515,0.038670091913902915,True,True
SNF20060908-004,SNF20060908-004,0.7424573202426892,0.16802435966097384,-0.040338025275651224,0.029735008075993774,-0.1752934873255663,0.013636201208518996,-0.08848264184421856,0.0458811275582665,-0.8088596349874464,2.230822065610416,0.9957313570312875,-0.07613650320517407,-0.10361442083557648,False,False
SNF20060911-014,SNF20060911-014,0.5071691262606297,0.16300569238804563,-0.17901851294687465,0.02740135237781277,-0.43481302227920626,0.013299064086953668,0.16028842272774932,0.026265054084916386,1.5249861409256062,0.9776989305037173,-2.004578361955609,0.17333593773285347,0.07943279952261495,True,True
SNF20060912-000,SNF20060912-000,0.15913241283074342,0.21291979945424533,0.10907581718299175,0.030240308347923017,0.2880384142311623,0.013711258323607601,-0.31369939087753596,0.03250377749981727,-0.5656827734818518,1.3262859641670264,3.063999109239819,-0.17985343766827172,-0.2009337746593527,True,True
SNF20060916-002,SNF20060916-002,1.5942965641932823,0.2674074597481164,-0.036399281598968436,0.03528807638502618,-0.17033974824337786,0.0145352927606044,-0.06603906385322801,0.033305028639803745,0.9294081580981691,0.7722954732024373,-1.2085405752708829,-0.07526638094317549,0.13456091448391927,False,False
SNF20061011-005,SNF20061011-005,0.7210271410563429,0.239246919159795,-0.14949909465714217,0.0342242262042704,-0.27813804588890445,0.014651101286445787,-0.07954414940498974,0.09695793216336003,0.0961543775110012,0.7877205433773177,-0.6679893180126694,-0.09945762470067089,0.03230199127528355,True,True
SNF20061020-000,SNF20061020-000,-1.8884511807721225,0.19919029377308783,-0.013638824698642527,0.03381964639781376,0.16117605366892704,0.012024220157283364,0.023150498698105374,0.05822280923673516,-0.258814199438396,-2.8297321315592234,0.12172439325434607,-0.013655357287866151,-0.029129257237940465,True,True
SNF20061021-003,SNF20061021-003,0.09109977234438027,0.17882059611513945,0.0414017358163119,0.030993990566458907,0.14708682962785322,0.012847973693699959,-0.09918937700184116,0.03707361658702292,-0.005056172063652627,-0.08306731921998764,0.33720683128244194,-0.07567560791098751,-0.003933297179766981,True,True
SNF20061022-005,SNF20061022-005,1.0198292739238486,0.23903145425357675,0.04821654912611839,0.030625613171404886,0.0,0.013013705658783865,-0.1063084385155443,0.030322819924674376,4.2151524038409995,0.7163124989274812,-1.0311212694747454,0.15171462130126642,-0.047089429941182814,True,True
SNF20061024-000,SNF20061024-000,-1.8755120635947868,0.1733007836969782,-0.06238239140272883,0.032915968033948306,0.13147117894539562,0.013561694824679423,0.07249951147579638,0.04073625845154759,-0.639068308534604,-2.884558812610064,0.6278101907804451,0.029861488907139452,0.08245922959074736,True,True
SNF20061030-010,SNF20061030-010,0.26019497909676303,0.22168734035743398,0.11762601081894042,0.03242671980873646,0.24364507888201026,0.012932032274900453,0.07628481569343928,0.07895372642790409,-2.686176775000195,0.19259232765173318,0.010596803435983846,0.07395072347407225,0.1378025275286472,True,True
SNF20061111-002,SNF20061111-002,0.2974793945235472,0.22737569603649987,-0.021092587403873875,0.031865014713958306,-0.025276425756430243,0.012981556584300922,0.05743345148745896,0.03408006105122315,-0.3861250545439935,-1.717759113145722,1.4370390421025032,0.029633756080685775,0.09477874629977823,True,True
SNF20070330-024,SNF20070330-024,0.6954782989866821,0.2596719848774711,-0.09647966938932362,0.031097865226938803,-0.29505462770291635,0.01271056532042663,-0.14744487987917773,0.05320585306982496,-1.0736437450966272,1.2154739749569716,-1.8752657215557391,-0.1557931138075485,-0.21010008809184733,True,True
SNF20070403-001,SNF20070403-001,-0.520041439288736,0.1424724969254232,-0.00929842697153227,0.02856031086144739,0.01803336856928006,0.014100649432673371,-0.06269691051351635,0.02962265320139685,-0.12797053538126688,-1.8394638647177262,0.7917391280637175,-0.09187980298933329,-0.10111026709060766,True,True
SNF20070424-003,SNF20070424-003,0.42665507916819045,0.1132561445173188,-0.030978372184116476,0.02963926717553156,0.011828004915909324,0.017789076380111797,-0.028172890831197672,0.03672755205360314,-1.8380590819995046,0.5260674808985751,0.6379987176990646,-0.0705157420399164,0.1782639647467521,False,False
SNF20070427-001,SNF20070427-001,0.9244006162366105,0.2004826936403994,-0.1133359495177435,0.03205048261494364,-0.32660894188232725,0.012812598151815837,-0.07959102330295655,0.03030795548051823,3.543200411143321,-0.5500531448031643,-1.3971941527791902,-0.01894001589964943,-0.0641818949967563,True,True
SNF20070506-006,SNF20070506-006,1.2545833082170965,0.11869134646973922,-0.057598696457501264,0.028754629615272753,-0.1726241817270646,0.012012301414908224,-0.14561790412035733,0.062038091755337484,2.0007593292536345,1.8034781897561782,0.8673165580264844,-0.013925085869874315,-0.05358690423491108,True,True
SNF20070528-003,SNF20070528-003,1.2899664561307276,0.2521707149943708,0.08292490977033262,0.03366057415629098,0.016561150388836904,0.015316579598939799,-0.5872748770701978,0.02348063279070629,6.096014673376878,1.261752054517867,-1.3471683009053048,-0.24439981294561736,-0.5726251771726893,False,False
SNF20070531-011,SNF20070531-011,-1.5788063714401463,0.18965533344870256,-0.07151383037226144,0.0310703371087383,0.0581922284835683,0.012455064494617994,-0.03391438696034924,0.061395460952377884,-1.1885039383264857,-1.7712119461877842,-0.11980247585884875,-0.06158356311663,-0.046141738226135764,True,True
SNF20070630-006,SNF20070630-006,0.41973626741863157,0.12432639147399449,0.007555774718937425,0.030389299529761882,-0.026350866924101657,0.014188443728717078,-0.08428291830663766,0.03345176198608105,-1.395641663289832,0.3423267593628927,0.08719169725143587,-0.1055702975757565,-0.029960843772733448,False,False
SNF20070701-005,SNF20070701-005,-0.051248357389848564,0.1584408715308454,0.008510938443545557,0.03128687232883415,-0.01141379144359217,0.014288400653030846,-0.25453812807478465,0.03448296472405991,0.5234073248402542,2.0556619917826326,2.9143996718393312,-0.08073027586374731,-0.28187785859237646,True,True
SNF20070712-000,SNF20070712-000,0.03090645684813964,0.21494318067808837,-0.04386510451298109,0.03225540039852215,-0.0602495305409918,0.015812943188552912,0.03123327913049476,0.07413874975567213,0.4057950839404846,-1.2149152078212542,-0.015521347912497183,0.015531160385904758,0.0666430156596105,False,False
SNF20070712-003,SNF20070712-003,0.04810858263834028,0.19155147125237004,-0.12902777617483585,0.03183330302268439,-0.18895278324495093,0.013370375186388353,0.03948104493709578,0.03189458282527815,1.2060559327976563,-1.1155569668411935,0.8669649215736476,0.02836548151683599,0.11509004704726333,True,True
SNF20070725-001,SNF20070725-001,0.658662410351667,0.15890560482653449,-0.1360110925857272,0.03134614315897433,-0.25102416512748704,0.013716071738499787,0.0013533511205084878,0.034755841771441226,0.6182383746438729,0.7084850866038749,0.2653241868984094,0.003340205616452034,0.090728880058772,True,True
SNF20070727-016,SNF20070727-016,0.4596203634607008,0.1386810999102739,-0.08332745970896416,0.029809129100753506,-0.2215782109518051,0.01311738667639352,-0.22942490416045816,0.03488910580392645,3.383152662890645,0.3836609784996112,-1.0368542171983923,-0.12692623399330988,-0.26101185384245973,True,True
SNF20070802-000,SNF20070802-000,0.32000129496463714,0.17116469785499344,0.11047079974248764,0.031170305773835727,0.13911252337019175,0.01393247959275217,-0.057277933896619004,0.03597222873367182,-4.0554738877091525,0.427680424384888,-0.2722862343808114,-0.07425257699955021,-0.028186257131208592,True,True
SNF20070803-005,SNF20070803-005,0.8946918694152846,0.16932265615548303,-0.003859731148013301,0.030277410487145606,-0.15883709703757862,0.013320345803083134,-0.2948469523015527,0.07240261931372904,5.26777579038695,1.2608985163044968,-0.7952120390141763,0.02612069583225357,-0.3192412582882449,True,True
SNF20070806-026,SNF20070806-026,-1.9021634977973427,0.12771111762569287,-0.09883050703684537,0.03170215226593165,0.05212986423869786,0.012525262384659888,0.038274070913856234,0.050499137164437664,-0.22130120437981496,-2.492542271948611,-0.33363823924213337,0.003655814697547499,0.029019606376593288,True,True
SNF20070810-004,SNF20070810-004,0.15588384783901788,0.14619278079233222,-0.027651460883115986,0.029900987095235365,-0.02454191750813059,0.014404486052336636,-0.014363087433318107,0.029382090521920236,-2.3090816848227256,-1.199567135724668,0.5208999716848125,-0.07369579807700563,0.03316460072846006,False,False
SNF20070817-003,SNF20070817-003,-0.6628769478532366,0.14004547324367334,-0.1239532525605549,0.028928289952209474,-0.08574752336128333,0.013914175851070706,0.09855480412014418,0.03387628343504542,-1.0726958668422064,-1.2672520710937456,0.22994512032208014,0.06925146572738151,0.14041018188787913,True,True
SNF20070831-015,SNF20070831-015,1.6869552838455313,0.19719174538296702,0.031199480664035883,0.031332974905611044,-0.09605709372974794,0.012674375592074882,-0.0899950511883277,0.034098731750430794,0.263692458277163,2.5999771248770855,1.4662262917731685,0.00871011313640202,0.011239530801554487,True,True
SNF20070902-018,SNF20070902-018,-0.5259953245354438,0.11350795517709233,0.05535677358506974,0.02944557341616727,0.22964410628273713,0.013550812690062915,-0.008535068470755258,0.0342682616787635,-0.18589940156928483,-1.972299054513908,0.8048357763062391,-0.008685894138876476,0.08006570475786567,True,True
SNF20070902-021,SNF20070902-021,-0.30393874115081587,0.12448890164850202,-0.018393246038000965,0.03047540356403522,0.00013297409992957254,0.013942356535953439,-0.07418962268891621,0.03217312369000345,0.9697272743039619,-1.8331859960360224,0.3029797738679585,-0.11003305108739211,-0.02584558438972273,True,True
SNF20070912-000,SNF20070912-000,0.29977193598227103,0.2693687078930491,0.053441953519979934,0.03452800968815284,-0.05074321657337144,0.019358901028361283,-0.39566592041488324,0.026953372804621213,4.8854019747061255,2.290872853721834,1.0045883259804649,-0.05408761555151498,-0.5006638294458492,False,False
SNF20071015-000,SNF20071015-000,0.7033945632895939,0.224555636688466,0.3593858356184676,0.03161442306841389,0.8741677798975274,0.012871276847462447,0.031090233594194657,0.059189110046586224,1.387371435323665,0.0725324364318222,-0.7988403800056282,0.14761320503269354,0.4024810426928829,False,False
SNF20071021-000,SNF20071021-000,-0.4567614382388605,0.2099371104939305,0.038865879126601,0.0313354681483633,0.15894265697046908,0.012412364193391255,0.037914682167409536,0.082945317046684,-4.186862495506237,0.038996237273322076,0.7719163493885822,0.005723554001275638,0.06334257610175431,True,True
SNF20071108-021,SNF20071108-021,0.9251995372462378,0.29378203140760384,-0.06515650411065654,0.03108093659510225,-0.19562216939704688,0.012533106773433864,-0.14116739188042676,0.031319537494386915,1.389675815937003,2.4700323000740623,1.1019690321876372,-0.03210722234536882,-0.08682600093680559,True,False
SNF20080323-009,SNF20080323-009,0.5360453732644075,0.15290618278578538,-0.06895881375236623,0.0297762071960313,-0.24846816704992328,0.013821541075495502,0.03261154979855399,0.028894275981983953,3.14970628249286,-0.999406866197744,-1.449633454725783,0.07158876943920585,0.015848217216044347,True,True
SNF20080507-000,SNF20080507-000,0.8592854152426597,0.22378673059999077,0.07829937594648095,0.030782591071310095,0.100463753806632,0.012524807450660359,-0.19646296108583614,0.04160078178916931,0.4936614159176187,2.4561229304606242,1.5427105115008264,-0.07484256431831077,-0.1217455628132127,True,True
SNF20080510-001,SNF20080510-001,0.37045289075584087,0.18751594301795826,-0.07710057857500041,0.03134891194849593,-0.1438326808551367,0.013052510570642405,0.042060336187693614,0.03211886206959907,-0.7326427799242498,-1.1750374332528546,0.49054231462621023,0.004448726988349069,0.08796919028763561,True,True
SNF20080510-005,SNF20080510-005,1.0810894270645761,0.21750551000703133,-0.053657019496865965,0.031022697408972677,-0.14729733388734695,0.013563652679830928,0.020099157706100355,0.02755240923425576,-0.3488424692059271,0.8324952261964196,-1.3326395496187273,0.034343928627321524,0.15719793983697894,True,True
SNF20080512-008,SNF20080512-008,1.1502365484208923,0.17615655108002137,-0.050348465949045296,0.0323236734924619,-0.27762960145831783,0.016589948326516665,0.0013581415656029189,0.03176401387211416,-0.9964968594567056,2.0545625202316646,-0.5624244826211044,-0.021079673704343785,0.005926894129149929,False,False
SNF20080512-010,SNF20080512-010,-1.5324686276021176,0.2620613998952992,-0.0644564735933062,0.03278527959944111,0.019446237278924236,0.012729152174278498,-0.010858563164404169,0.03616856614667316,0.04565969554786134,-1.9279795057077738,-1.3152455360215054,-0.035932726697208414,-0.07059078126657514,True,True
SNF20080514-002,SNF20080514-002,-1.6959658292399453,0.10908454630734266,-0.12858814957823128,0.027977171504318166,-0.11858032947920688,0.011732946649216359,0.2645910039291771,0.0954984503645835,1.5830279212336857,-1.9870510890158624,-0.2108631898394786,0.22743990881231677,0.10936944061412568,True,True
SNF20080516-000,SNF20080516-000,1.3058289416767348,0.22058762597474857,-0.06354259796423645,0.032065044464558046,-0.24673408910954056,0.013578207812563145,0.05881701421262317,0.03198960203693215,-0.021999727554655377,1.8707609623109123,0.04292425526574559,0.06484152561540232,0.06818229620274341,True,True
SNF20080516-022,SNF20080516-022,0.04670588984630086,0.13527089552321758,-0.09765822795853474,0.02928682287912321,-0.1779218908397133,0.01272477145260292,-0.0026326149090820025,0.03127248583024176,2.4137556561893256,-0.7159730172694592,0.044419877437709816,0.014382229748872953,0.026307147170949285,True,True
SNF20080522-000,SNF20080522-000,1.1841458309272053,0.12805130779335983,-0.02150186472776816,0.028763586512754125,-0.12525948189234842,0.01221664759860027,-0.238087377101424,0.04810205859477019,4.273998339988732,0.8765319639174524,-0.6185777717106824,0.009640753646163819,-0.1823858329163528,True,True
SNF20080522-011,SNF20080522-011,0.9159321061536936,0.18303246101382076,-0.07245532768563567,0.02966600217292631,-0.215567980122327,0.012028047477026542,-0.11650315954455848,0.057546935506119785,-0.2394616537726783,0.13465463655324525,-0.13406981470425286,-0.139051537517845,-0.058363093326136095,True,True
SNF20080531-000,SNF20080531-000,-0.3568547841003351,0.2009308414771862,-0.03999644010703518,0.030687986432244574,-0.06609886611388693,0.012288008415417287,0.11912620420129201,0.05992130307633557,-1.9800949709532338,-0.6417208414410259,1.1131819243991448,0.05199131912616256,0.07304202673496185,True,True
SNF20080610-000,SNF20080610-000,0.31434961149211915,0.19181293560952994,-0.040583709929584266,0.03137817969540746,-0.0013021268396050667,0.014473329838451596,0.04056336697490533,0.03063944857690227,-0.34492327738144896,-1.526024778190445,1.4513776941295262,0.01731888678473477,0.18471002491367905,False,False
SNF20080612-003,SNF20080612-003,0.8082037983327499,0.19879615298118392,-0.03588138643289762,0.030446113741825986,-0.0797329737047339,0.012057716804633141,-0.31826667254132096,0.06695562714466988,-0.4708352298534708,1.0366334475732957,-0.7998473732833568,-0.3219408545117388,-0.2124396564106057,True,True
SNF20080614-010,SNF20080614-010,-1.8588365343079811,0.1894897583298536,-0.026555104052502942,0.034414872846112776,0.2119954233015417,0.015359836518729566,-0.008084137457578536,0.032648760466253104,0.45056106896648346,-2.5403326091065157,-0.6473495951041824,-0.02548984821478388,-0.02141909412858034,False,False
SNF20080620-000,SNF20080620-000,-0.9164612230763183,0.16228635049802875,0.01200831582854045,0.031033159355913387,0.14460305102655552,0.012294109589948969,0.08625386627359931,0.06624805645298172,-0.7722172225585817,-1.4660368368982826,1.250542261421276,0.07503051560940195,0.08042070878756213,True,True
SNF20080623-001,SNF20080623-001,-0.013410970301110936,0.13733654505096293,-0.061580167722803836,0.02885856107450535,-0.12644207250994646,0.012158354646412973,0.16172450699500399,0.049527420389258336,-1.9080210789362018,-0.5648183343636108,1.1825637582115718,0.09381948257270414,0.1680593721165211,True,True
SNF20080626-002,SNF20080626-002,1.127071389166776,0.2108401975916223,-0.04275517034185894,0.029794626531351454,-0.16142763386912226,0.012045922130388947,-0.06113248935261377,0.09308102272909481,-1.146974648059932,1.2103804495730828,-1.5601037832206157,-0.04396337096967494,0.014832547356200543,True,True
SNF20080717-000,SNF20080717-000,0.4757918669874641,0.12023050888127074,0.17545293628038294,0.028964580702853904,0.42542310604638356,0.013414889901499446,-0.11043766085775283,0.03886430016118331,-0.43100589804191586,1.1263985996444557,-2.016032315957033,-0.02400265137345417,0.06337897321994035,True,True
SNF20080720-001,SNF20080720-001,0.1294334494479834,0.11491981986314581,0.38953664020322654,0.027478659335239186,1.0129859929696448,0.012496205460931076,-0.17662223744774144,0.11021682768800078,-2.4185377198553675,1.8273220265015357,-0.508529356994653,-0.056457443036118965,0.16743385362966023,False,False
SNF20080723-012,SNF20080723-012,0.732971264895454,0.12111306202832672,0.004205128203712549,0.028648577948829634,-0.10569323232950442,0.012873020729721003,-0.46125454111097713,0.031213501270580132,4.751684046662538,1.0967053598942271,-0.6634367876992474,-0.2004863514570276,-0.5301823995334267,True,True
SNF20080725-004,SNF20080725-004,0.993135066047742,0.15716676856259681,0.004747136751819259,0.02963251164724301,-0.034587109142874106,0.0129949689273255,0.07434988355637207,0.041875677333104815,-1.5821046188085692,2.4428698336737735,0.6029569641056465,0.08500211370077501,0.1735180344430196,True,True
SNF20080803-000,SNF20080803-000,0.5809080578981032,0.1430051174145639,0.11237978378533087,0.03067408969406571,0.19489846670173763,0.013819233810795029,-0.017576670452075234,0.04034013542862319,-0.8242695162398851,0.6749135483700569,-0.4008707704740736,0.017851601169560825,0.09725085341854367,True,True
SNF20080806-002,SNF20080806-002,1.0879235831070275,0.17734952375060686,0.04853706182323103,0.03065936712270556,0.023043159426128154,0.013032286105959747,-0.0702927845927174,0.037415839030614045,-0.8881749036861294,1.7084603432807646,-0.14138280848331802,-0.06781927010777351,0.033509270790035295,True,True
SNF20080810-001,SNF20080810-001,-0.9803248768448043,0.11982987617368668,-0.022103859241264123,0.029369955176982654,0.08314215138306105,0.01195432759683239,-0.00045668477699746524,0.05223911782271223,1.8808942813357343,-1.737531165209483,0.17478326209969686,-0.011105421225157328,-0.009094496719692202,True,True
SNF20080821-000,SNF20080821-000,0.44782256648414354,0.17082894624599465,0.012905133236261523,0.029172676904042905,0.013029444377570393,0.012854052123402935,-0.1268697453914922,0.031635826834893244,-0.009941549781661115,0.5418077196212091,-1.0243869173958395,-0.11543576971875866,-0.07446201473593383,True,True
SNF20080822-005,SNF20080822-005,0.7507158460340939,0.21158669845315092,-0.051443047925057606,0.03135078489789983,-0.17768404901048693,0.013159150754650184,-0.1404968547801008,0.0332813692515798,2.95561702634365,0.5318146698266644,-0.3886048166287688,-0.03130952927110241,-0.13468780836799166,True,True
SNF20080825-010,SNF20080825-010,-0.8425277597492702,0.17868829487184357,-0.0276627608829334,0.031016074275251326,-0.015371567058623858,0.011913715535936176,-0.14069976908718193,0.05511633485997574,-0.22722915638827718,-1.8825270374579917,0.22437723863812886,-0.17697767512275897,-0.23498959985064882,True,True
SNF20080905-005,SNF20080905-005,-1.8401567091750088,0.24668256912070197,0.13886079228903547,0.038851017846090796,0.597633163250952,0.012412487986348211,-0.5015260263597046,0.039729495079127576,0.8856771790768495,-3.4463116492738557,-1.3547112625939641,-0.47804465936736684,-0.3373900694504197,False,False
SNF20080908-000,SNF20080908-000,0.2939602045515617,0.18546745495525307,-0.09962973109193896,0.03139475976252898,-0.1762414715245084,0.016689006064103517,-0.07393440943923243,0.04555569420890038,-1.467403444084898,0.5812252635621431,1.3754776287828248,-0.12419867772481666,-0.002702480972250676,False,False
SNF20080909-030,SNF20080909-030,1.2464906360981622,0.13806607434605667,0.007137067366528527,0.029321096577627714,-0.04000683191355728,0.01199652842280742,-0.09400088900732433,0.07277178804479785,1.5479983234937573,2.3787953626569176,2.116085705915955,0.10310232077665112,0.026217636827933433,True,True
SNF20080913-031,SNF20080913-031,0.19163546599805237,0.20494259726612452,0.03986124238649791,0.033697926255905286,0.0765406468833872,0.01253268007329871,-0.10233523204175063,0.04147585326730039,-0.7349404132244975,1.344185690774271,3.5509955949412824,0.07105052513849022,-0.045542011516383596,True,True
SNF20080914-001,SNF20080914-001,-0.10447066995788035,0.14123382015974606,0.1316869479278988,0.0309938055443727,0.40244624682388574,0.012321175838790133,-0.12010736383568156,0.09280913353499247,0.05141141350757573,0.8369966672247956,1.8751466052613572,0.004326461537194723,0.03377366166762208,True,True
SNF20080918-000,SNF20080918-000,1.473975187816725,0.28192918837443504,0.15538046107416004,0.03552248154071258,0.1965228082119294,0.013229071422846956,0.041671852865398096,0.035320142992020485,-2.0331337780686796,2.2371212528714226,-0.9260996725347332,0.09103469582292023,0.19496880005289086,True,True
SNF20080918-002,SNF20080918-002,-0.3160306651617102,0.1233563337781094,-0.04796460791179136,0.0292381706346716,-0.11120016280758405,0.013633296799394007,0.07143908078701407,0.028586913737620605,2.0772904910080796,-1.2765778392079916,0.018241815716347247,0.05954685919201254,0.022295690185982764,True,True
SNF20080918-004,SNF20080918-004,-1.1819192511986802,0.19431044011578535,-0.08336304689216734,0.03195530271817354,-0.0067930658380388614,0.012859420907651586,0.22768510581443163,0.04497342095105034,-0.19087710009650932,-2.0816835724118836,1.048324010608527,0.19512854233922405,0.20708721256369245,False,False
SNF20080919-000,SNF20080919-000,0.21259832164715498,0.14567222463681428,0.1890798119326229,0.031092797511152015,0.4991233459280833,0.013202881088177302,-0.025879946233208707,0.03883801090093998,0.2394725027781406,1.0098666421065814,-0.5687442913385907,0.05649228933535157,0.1726580213671003,True,True
SNF20080919-001,SNF20080919-001,0.9426093639426227,0.17427524790061444,0.0004620021803858343,0.030723260617439907,-0.019395427561690506,0.01191055732287793,-0.3900972618548859,0.053844710454628554,2.132229796838788,1.6937588882410812,2.066819667789077,-0.22729401346787315,-0.27740973652684797,True,True
SNF20080919-002,SNF20080919-002,-1.4222605070276177,0.16294387821310607,0.0002872068897530333,0.033909027349375453,0.34305792551715464,0.015512896953459098,0.09935194361024456,0.04243249845930219,0.39588567469634195,-3.1437287169657306,0.43010078944402647,0.08128478662801546,0.28997283457063716,False,False
SNF20080920-000,SNF20080920-000,1.257296456972794,0.27410923039520085,0.010926098809013851,0.03204577239358425,-0.17350881224620265,0.01255901459720533,0.0,0.05601220657405169,-2.276506515200579,1.566535602503645,-2.0056938633263095,0.03168556046958795,-0.00772066660739501,True,True
SNF20080926-009,SNF20080926-009,0.41955695638567647,0.15224222949492905,0.007863986121023459,0.031173786236928125,-0.0779738869885972,0.014276632682419636,-0.12122149030956597,0.0330814407885428,-0.49868542820847445,0.5856869236370712,3.121203132139416,-0.02348401060226807,-0.1345764847484432,False,False
SNIC3573,SN2013be,0.5577259019224172,0.1900109625919617,0.046850134675950006,0.0335530182757654,0.07164006787021931,0.012900755220034891,-0.22277040170660264,0.03436481471022592,-0.26346534746070066,1.6078468373949977,2.768611176480353,-0.08362921015952238,-0.17443293484144196,True,True
SNNGC0927,PSNJ02263653+1208555,0.7252331326574044,0.13455397104202582,0.09661166434926871,0.029250350239539036,0.134939848431403,0.012127439619358697,0.006311120884352043,0.08192708319719624,-3.4998703230209944,1.0904862738407517,-0.5044613286206114,0.017199296300666054,0.09352902975808419,True,True
SNNGC2691,SNNGC2691,0.9951329526334529,0.17704997789325638,0.07952378320459275,0.03186574217400462,0.12787198729849003,0.011712892440998534,-0.24876035717838768,0.15571845209693666,4.670595528027682,1.0226047819134891,-0.7394282222277985,0.062365199696949924,-0.13523567482535181,False,False
SNNGC4076,SN2011bc,-0.07336310673614221,0.10266868006636365,0.10121246996380462,0.028199631934771485,0.2775467529867274,0.012054089535846907,-0.05160764480390634,0.10005172377537404,-0.6742607527730271,2.4681533415533203,1.9201735938299165,0.07869173511869287,0.0349531888020822,True,True
SNNGC4424,SNNGC4424,0.4811423785984701,0.10500101646765625,0.0921622613739812,0.02897384788952584,0.21057771440326079,0.011706843336507055,0.6052476594380471,0.8428475783894902,0.8204061581662894,0.8813099038486424,0.10191470238924429,0.6673068932435285,0.7425175998419551,False,False
SNNGC6343,SN2013bs,-2.2059972898283977,0.22915224125865397,-0.038981216203638924,0.03534708906334422,0.2783135263180836,0.012155472411411341,0.027002428429405746,0.079655584363646,0.5431832290025443,-3.767212127104127,1.1638565009296578,-0.004248036737774474,0.041157263599443716,True,True
SNNGC6430,SNNGC6430,-2.731798218854678,0.11872557597014533,0.3128696109640545,0.03299777228555578,1.2025806286728484,0.013022901830093291,0.1826434303518346,0.21757637573786523,-3.135092901694246,-4.357782148504343,1.984930487550426,0.26723498389014616,0.49577269887211095,False,False
SNNGC6956,PSNJ20435314+1230304,-2.0330053737801235,0.382181552416065,0.16072213554872228,0.03686881480455051,0.7923240910104937,0.01236758808442926,0.12508671928404924,0.15000591572136732,-1.161744265857081,-3.760280871450297,1.4778584246830033,0.14064461980626586,0.369650446034842,False,False
SNPGC027923,SNPGC027923,0.4559016191402847,0.2581241232026388,-0.1720771502126468,0.03219654708813957,-0.3929789330942608,0.011618762042170995,0.06805177043131666,0.12000632353650185,2.837690626418833,-0.23818073921828353,-1.8089686677762915,0.08019571300596204,0.05667371529170673,False,False
SNPGC51271,SN2013bt,-1.947056298275161,0.17341976582477336,-0.11271200539259163,0.03327651717149205,0.018538572509210482,0.011855409989025971,0.037391685166514185,0.05999516780864872,0.6559638201492819,-1.978321575556089,-1.0599974779515504,0.010807411145439344,0.02419580074575922,True,True
SNUGC11797,SN2015N,0.5056043251080116,0.5797325288936541,0.08371125063159934,0.03822259343289447,0.0730009254044833,0.011949204619706187,-0.9112372420896091,0.1234612777325288,-4.0216803362858435,1.4166344952812862,-2.1743973321314813,-0.8536864842002618,-0.8804647080323234,False,False
SNUGC2855,SNUGC2855,-0.27883632625492716,0.1609136859956113,-0.09717274323345415,0.030923954285744237,-0.23061770151121078,0.012026321643788397,0.045572022835140794,0.5846841015268129,2.6279884459534677,-0.18309463771523465,-1.628668903805724,0.06489830197958939,-0.04209624069406104,False,False
SNhunt281,AT2015bp,-2.441860597488753,0.21203593344315763,-0.05785984140398637,0.034560974980334114,0.28493207482222827,0.012096887873114843,0.9216594437621416,0.4614780252602841,0.760761414173584,-3.3614029658973976,0.5177849215176883,0.8958118088282208,0.9973662905301763,False,False
SNhunt46,SN2011be,0.48209095825140125,0.23355660203529993,-0.07052127879677339,0.03204732752424083,-0.16131532294291653,0.011798943071916092,0.0956681543593158,0.06186415995003317,2.1745648245960965,-0.6085106963530353,-0.9555585309478077,0.09229881035088826,0.14628685821152132,True,True
SNhunt89,SN2011ho,-1.7751864741424637,0.18731597687439638,0.03450482017454193,0.03941934869805497,0.4129725966265074,0.012827183326009309,0.21074823583734115,0.06719418438472463,-0.8864913519940087,-3.5880344451620716,0.0627592696207751,0.2174647987236233,0.35720938222259146,True,False
