3.300000000000000455e+03 5.124775360985076134e+00 9.081610907504256147e-01
3.311031887023875242e+03 5.111039782117887675e+00 9.107812567118678260e-01
3.322100653602695729e+03 5.097395507942954929e+00 9.133579309864359175e-01
3.333206423024661035e+03 5.083839632480902537e+00 9.158914232176407211e-01
3.344349318990138727e+03 5.070369299644600147e+00 9.183820415838539475e-01
3.355529465613009052e+03 5.056981702577323823e+00 9.208300927996404539e-01
3.366746987422076927e+03 5.043674082998608199e+00 9.232358821171793295e-01
3.378002009362448916e+03 5.030443730557834670e+00 9.255997133271520738e-01
3.389294656796905656e+03 5.017287982195446361e+00 9.279218887610518607e-01
3.400625055507335674e+03 5.004204221511596273e+00 9.302027092916276274e-01
3.411993331696097812e+03 4.991189878142353820e+00 9.324424743354597922e-01
3.423399611987457774e+03 4.978242427143158011e+00 9.346414818534931612e-01
3.434844023428983746e+03 4.965359388379618544e+00 9.368000283537014639e-01
3.446326693492952927e+03 4.952538325925491591e+00 9.389184088926860738e-01
3.457847750077798992e+03 4.939776847467740595e+00 9.409969170775411840e-01
3.469407321509501799e+03 4.927072603718696264e+00 9.430358450673637094e-01
3.481005536543046674e+03 4.914423287835110621e+00 9.450354835760066408e-01
3.492642524363846405e+03 4.901826634844132613e+00 9.469961218736777653e-01
3.504318414589168697e+03 4.889280421076095173e+00 9.489180477893377486e-01
3.516033337269606363e+03 4.876782463603990259e+00 9.508015477128317627e-01
3.527787422890496600e+03 4.864330619689657631e+00 9.526469065971099326e-01
3.539580802373398001e+03 4.851922786236505303e+00 9.544544079612471421e-01
3.551413607077540746e+03 4.839556899248765198e+00 9.562243338915976665e-01
3.563285968801278159e+03 4.827230933297200544e+00 9.579569650457031571e-01
3.575198019783577365e+03 4.814942900991131758e+00 9.596525806539801806e-01
3.587149892705466755e+03 4.802690852456820814e+00 9.613114585222959363e-01
3.599141720691536648e+03 4.790472874822020444e+00 9.629338750355209697e-01
3.611173637311414950e+03 4.778287091706713952e+00 9.645201051592167119e-01
3.623245776581237806e+03 4.766131662719960360e+00 9.660704224430105569e-01
3.635358272965173910e+03 4.754004782962695685e+00 9.675850990231715798e-01
3.647511261376889252e+03 4.741904682536571158e+00 9.690644056261632500e-01
3.659704877181077791e+03 4.729829626058603687e+00 9.705086115705086058e-01
3.671939256194956215e+03 4.717777912181690070e+00 9.719179847707870579e-01
3.684214534689766879e+03 4.705747873120885494e+00 9.732927917402989237e-01
3.696530849392321215e+03 4.693737874185330838e+00 9.746332975939075993e-01
3.708888337486491764e+03 4.681746313315863439e+00 9.759397660518587259e-01
3.721287136614770588e+03 4.669771620628143438e+00 9.772124594423559074e-01
3.733727384879784950e+03 4.657812257961322366e+00 9.784516387052910602e-01
3.746209220845828440e+03 4.645866718432147380e+00 9.796575633951754014e-01
3.758732783540428954e+03 4.633933525994423874e+00 9.808304916847809807e-01
3.771298212455869361e+03 4.622011235003837371e+00 9.819706803684269403e-01
3.783905647550764570e+03 4.610098429788003216e+00 9.830783848652657753e-01
3.796555229251611763e+03 4.598193724221740553e+00 9.841538592231025007e-01
3.809247098454340630e+03 4.586295761307502161e+00 9.851973561214144581e-01
3.821981396525913169e+03 4.574403212760847381e+00 9.862091268755257545e-01
3.834758265305859823e+03 4.562514778601013177e+00 9.871894214396270684e-01
3.847577847107897924e+03 4.550629186746387056e+00 9.881384884110389066e-01
3.860440284721496027e+03 4.538745192614952018e+00 9.890565750331425932e-01
3.873345721413454157e+03 4.526861578729591606e+00 9.899439271993770717e-01
3.886294300929531801e+03 4.514977154328155606e+00 9.908007894577686159e-01
3.899286167496011785e+03 4.503090754978356536e+00 9.916274050133289109e-01
3.912321465821337824e+03 4.491201242197290888e+00 9.924240157329400347e-01
3.925400341097711589e+03 4.479307503075664165e+00 9.931908621485519006e-01
3.938522939002703879e+03 4.467408449906601575e+00 9.939281834616231492e-01
3.951689405700894895e+03 4.455503019818973343e+00 9.946362175465850441e-01
3.964899887845480862e+03 4.443590174415263938e+00 9.953152009551935464e-01
3.978154532579932038e+03 4.431668899413826246e+00 9.959653689199043924e-01
3.991453487539614343e+03 4.419738204295583728e+00 9.965869553584028040e-01
4.004796900853429179e+03 4.407797121955052688e+00 9.971801928777779267e-01
4.018184921145488261e+03 4.395844708355637565e+00 9.977453127777202724e-01
4.031617697536735250e+03 4.383880042189220561e+00 9.982825450555843361e-01
4.045095379646638776e+03 4.371902224539899962e+00 9.987921184098524918e-01
4.058618117594842715e+03 4.359910378551910881e+00 9.992742602445758848e-01
4.072186062002831022e+03 4.347903649101650281e+00 9.997291966735488700e-01
4.085799363995626209e+03 4.335881202473730767e+00 1.000157152524394633e+00
4.099458175203450992e+03 4.323842226041084480e+00 1.000558351342561991e+00
4.113162647763434506e+03 4.311785920365840852e+00 1.000933016470639814e+00
4.126912934321303510e+03 4.299710388633135594e+00 1.001281528415454147e+00
4.140709188033059945e+03 4.287611496707581793e+00 1.001604586378945783e+00
4.154551562566732173e+03 4.275484919884054769e+00 1.001902918121633235e+00
4.168440212104034799e+03 4.263326425229301719e+00 1.002177239907009465e+00
4.182375291342128548e+03 4.251131870282531366e+00 1.002428256647469595e+00
4.196356955495324655e+03 4.238897201771786527e+00 1.002656662049083991e+00
4.210385360296802901e+03 4.226618454345830500e+00 1.002863138755127892e+00
4.224460662000374214e+03 4.214291749321366964e+00 1.003048358486946512e+00
4.238583017382191429e+03 4.201913293445501019e+00 1.003212982184109592e+00
4.252752583742515526e+03 4.189479377673167804e+00 1.003357660142700780e+00
4.266969518907472775e+03 4.176986375959437225e+00 1.003483032151741838e+00
4.281233981230777317e+03 4.164430744066531354e+00 1.003589727627840489e+00
4.295546129595542880e+03 4.151809018385287153e+00 1.003678365749749446e+00
4.309906123416010814e+03 4.139117814771065440e+00 1.003749555589106279e+00
4.324314122639354537e+03 4.126353827393777429e+00 1.003803896241617366e+00
4.338770287747450311e+03 4.113513827602002237e+00 1.003841976955577309e+00
4.353274779758654404e+03 4.100594662800967072e+00 1.003864377259411356e+00
4.367827760229623891e+03 4.087593255344227572e+00 1.003871667087530284e+00
4.382429391257078350e+03 4.074506601438968367e+00 1.003864406904941831e+00
4.397079835479641588e+03 4.061331770064656510e+00 1.003843147830263405e+00
4.411779256079636980e+03 4.048065901905012254e+00 1.003808431756869624e+00
4.426527816784893730e+03 4.034706208293076024e+00 1.003760791473951031e+00
4.441325681870598601e+03 4.021249970169230359e+00 1.003700750784375373e+00
4.456173016161093074e+03 4.007694537052076456e+00 1.003628824622815330e+00
4.471069985031738725e+03 3.994037326021947720e+00 1.003545519171167300e+00
4.486016754410745307e+03 3.980275820716987933e+00 1.003451331973970184e+00
4.501013490781008841e+03 3.966407570341619504e+00 1.003346752050982005e+00
4.516060361181994267e+03 3.952430188687236168e+00 1.003232260009756516e+00
4.531157533211557165e+03 3.938341353165065506e+00 1.003108328156177009e+00
4.546305175027855512e+03 3.924138803850927726e+00 1.002975420603791079e+00
4.561503455351179582e+03 3.909820342541929783e+00 1.002833993382257205e+00
4.576752543465860981e+03 3.895383831824784426e+00 1.002684494543659710e+00
4.592052609222153478e+03 3.880827194155750615e+00 1.002527364269090171e+00
4.607403823038102018e+03 3.866148410952024328e+00 1.002363034971942568e+00
4.622806355901473580e+03 3.851345521694395924e+00 1.002191931401741343e+00
4.638260379371647105e+03 3.836416623041134510e+00 1.002014470746104280e+00
4.653766065581508883e+03 3.821359867952937250e+00 1.001831062731195487e+00
4.669323587239404333e+03 3.806173464828761510e+00 1.001642109721645468e+00
4.684933117631023379e+03 3.790857126361842688e+00 1.001448103223490094e+00
4.700594830621365873e+03 3.775417163282084321e+00 1.001249962768024915e+00
4.716308900656646074e+03 3.759861641581968783e+00 1.001048714021912645e+00
4.732075502766264435e+03 3.744198484915899350e+00 1.000845362747693201e+00
4.747894812564743916e+03 3.728435476352201405e+00 1.000640895068016789e+00
4.763767006253669933e+03 3.712580260239122687e+00 1.000436277735738955e+00
4.779692260623686707e+03 3.696640344048891968e+00 1.000232458400729385e+00
4.795670753056446301e+03 3.680623100200215436e+00 1.000030365873705307e+00
4.811702661526573138e+03 3.664535767859367077e+00 9.998309103866898084e-01
4.827788164603681253e+03 3.648385454720081356e+00 9.996349838505835805e-01
4.843927441454321524e+03 3.632179138762590576e+00 9.994434601093171722e-01
4.860120671844014396e+03 3.615923669991898404e+00 9.992571951912943007e-01
4.876368036139221658e+03 3.599625772155650605e+00 9.990770275575044934e-01
4.892669715309380081e+03 3.583292044441709567e+00 9.989037783473264653e-01
4.909025890928909575e+03 3.566928963155749255e+00 9.987382516200682403e-01
4.925436745179213176e+03 3.550542883379067316e+00 9.985812345953082314e-01
4.941902460850747048e+03 3.534140040606746247e+00 9.984334978888842471e-01
4.958423221345029560e+03 3.517726552366533532e+00 9.982957957469729138e-01
4.974999210676677649e+03 3.501308419818549567e+00 9.981688662766607933e-01
4.991630613475485916e+03 3.484891529336011651e+00 9.980534316742506462e-01
5.008317614988449350e+03 3.468481654067311570e+00 9.979501984508143408e-01
5.025060401081858799e+03 3.452084455479490721e+00 9.978598576545483212e-01
5.041859158243339152e+03 3.435705484883474714e+00 9.977830850909086280e-01
5.058714073583953905e+03 3.419350184941125637e+00 9.977205415398149313e-01
5.075625334840281539e+03 3.403023891154424607e+00 9.976728729702344367e-01
5.092593130376486442e+03 3.386731833336947606e+00 9.976407107525897544e-01
5.109617649186449853e+03 3.370479137067772246e+00 9.976246718678805081e-01
5.126699080895855332e+03 3.354270825128108147e+00 9.976253591146733157e-01
5.143837615764294242e+03 3.338111818920790785e+00 9.976433613137825063e-01
5.161033444687412157e+03 3.322006939872788500e+00 9.976792535099310300e-01
5.178286759198997970e+03 3.305960910821030829e+00 9.977335971712353313e-01
5.195597751473157587e+03 3.289978357381578622e+00 9.978069403865585940e-01
5.212966614326415765e+03 3.274063809302503625e+00 9.978998180594444989e-01
5.230393541219895269e+03 3.258221701800481096e+00 9.980127521014292569e-01
5.247878726261459633e+03 3.242456376881413860e+00 9.981462516209571589e-01
5.265422364207858664e+03 3.226772084645213479e+00 9.983008131115411743e-01
5.283024650466926687e+03 3.211172984574868217e+00 9.984769206366372885e-01
5.300685781099748965e+03 3.195663146810057142e+00 9.986750460131421647e-01
5.318405952822826293e+03 3.180246553405450260e+00 9.988956489917377723e-01
5.336185363010300534e+03 3.164927099573811908e+00 9.991391774354596578e-01
5.354024209696113758e+03 3.149708594914186754e+00 9.994060674961335877e-01
5.371922691576259240e+03 3.134594764625198149e+00 9.996967437888137908e-01
5.389881008010943333e+03 3.119589250703781680e+00 1.000011619563201393e+00
5.407899359026854654e+03 3.104695613129348164e+00 1.000351096873908219e+00
5.425977945319366881e+03 3.089917331033685155e+00 1.000715566748411334e+00
5.444116968254760650e+03 3.075257803856683569e+00 1.001105409352254227e+00
5.462316629872508202e+03 3.060720352488016882e+00 1.001520994153048960e+00
5.480577132887473454e+03 3.046307954037499766e+00 1.001962461640415469e+00
5.498898680692216658e+03 3.032019196413676898e+00 1.002426404891521017e+00
5.517281477359231758e+03 3.017849186973980746e+00 1.002906614016518816e+00
5.535725727643216487e+03 3.003793017731260395e+00 1.003396917265009236e+00
5.554231636983377939e+03 2.989845867308323246e+00 1.003891263911960152e+00
5.572799411505691751e+03 2.976002999781119041e+00 1.004383722590951322e+00
5.591429258025221316e+03 2.962259763535513013e+00 1.004868479647225143e+00
5.610121384048415166e+03 2.948611590137556693e+00 1.005339837510055290e+00
5.628875997775400720e+03 2.935053993217089818e+00 1.005792213085143771e+00
5.647693308102334413e+03 2.921582567364485072e+00 1.006220136165580925e+00
5.666573524623691810e+03 2.908192987040474353e+00 1.006618247862078874e+00
5.685516857634639564e+03 2.894881005498814108e+00 1.006981299052611689e+00
5.704523518133361904e+03 2.881642453721732444e+00 1.007304148849552661e+00
5.723593717823387124e+03 2.868473239367990590e+00 1.007581763086173865e+00
5.742727669115995923e+03 2.855369345733352660e+00 1.007809212820864886e+00
5.761925585132531523e+03 2.842326830723465925e+00 1.007981672859248334e+00
5.781187679706822564e+03 2.829341825838854962e+00 1.008094420294591842e+00
5.800514167387538691e+03 2.816410535172029217e+00 1.008142833065273081e+00
5.819905263440571616e+03 2.803529234416496596e+00 1.008122388529919533e+00
5.839361183851465285e+03 2.790694269887548540e+00 1.008028662059512470e+00
5.858882145327784201e+03 2.777902057554742843e+00 1.007857325647165680e+00
5.878468365301557242e+03 2.765149082085884835e+00 1.007604146533447320e+00
5.898120061931696000e+03 2.752431895902424319e+00 1.007264985849776195e+00
5.917837454106385849e+03 2.739747118246161683e+00 1.006835797277449984e+00
5.937620761445591597e+03 2.727091434257025604e+00 1.006312625722660670e+00
5.957470204303434912e+03 2.714461594061979621e+00 1.005691606008607408e+00
5.977386003770700881e+03 2.701854411874745843e+00 1.004968961582353160e+00
5.997368381677280013e+03 2.689266765106367085e+00 1.004141003238512297e+00
6.017417560594621136e+03 2.676696000919257301e+00 1.003204764886556077e+00
6.037533763838246159e+03 2.664141934761296238e+00 1.002161128410516966e+00
6.057717215470219344e+03 2.651605272609416808e+00 1.001012356925823354e+00
6.077968140301628409e+03 2.639086708494705391e+00 9.997606838510808558e-01
6.098286763895126569e+03 2.626586923259825124e+00 9.984083110742503209e-01
6.118673312567393623e+03 2.614106584733849381e+00 9.969574093323441133e-01
6.139128013391717104e+03 2.601646347904997825e+00 9.954101185882358038e-01
6.159651094200457919e+03 2.589206855091425119e+00 9.937685484025848837e-01
6.180242783587641497e+03 2.576788736109963729e+00 9.920347783015426302e-01
6.200903310911484368e+03 2.564392608442916277e+00 9.902108581406388055e-01
6.221632906296922556e+03 2.552019077402928549e+00 9.882988084646271432e-01
6.242431800638230015e+03 2.539668736295871199e+00 9.863006208631119875e-01
6.263300225601529746e+03 2.527342166581888261e+00 9.842182583221337211e-01
6.284238413627420414e+03 2.515039938034501432e+00 9.820536555718906158e-01
6.305246597933559315e+03 2.502762608897874941e+00 9.798087194308635617e-01
6.326325012517218966e+03 2.490510726042263201e+00 9.774853291455443127e-01
6.347473892157955561e+03 2.478284825117566204e+00 9.750853367270106986e-01
6.368693472420161015e+03 2.466085430705166281e+00 9.726105672827056736e-01
6.389983989655745972e+03 2.453913056467897036e+00 9.700628193459515103e-01
6.411345681006738232e+03 2.441768205298310956e+00 9.674438652002237404e-01
6.432778784407913008e+03 2.429651369465188004e+00 9.647554512008937877e-01
6.454283538589485943e+03 2.417563030758282494e+00 9.619992980928415705e-01
6.475860183079721537e+03 2.405503660631421958e+00 9.591771013247374356e-01
6.497508958207644355e+03 2.393473720343863853e+00 9.562905313592828804e-01
6.519230105105699295e+03 2.381473661100014905e+00 9.533412339808311486e-01
6.541023865712419138e+03 2.369503924187500665e+00 9.503308305987001603e-01
6.562890482775156670e+03 2.357564941113575063e+00 9.472609185475544535e-01
6.584830199852744045e+03 2.345657133739955214e+00 9.441330713841900035e-01
6.606843261318252189e+03 2.333780914416012209e+00 9.409488391810771901e-01
6.628929912361688366e+03 2.321936686110423143e+00 9.377097488163510519e-01
6.651090398992706469e+03 2.310124842541253720e+00 9.344173042610037783e-01
6.673324968043400077e+03 2.298345768304463910e+00 9.310729868626133054e-01
6.695633867170993653e+03 2.286599839000936552e+00 9.276782556250751099e-01
6.718017344860649246e+03 2.274887421361948547e+00 9.242345474868240984e-01
6.740475650428211338e+03 2.263208873373179664e+00 9.207432775944379699e-01
6.763009034022972628e+03 2.251564544397235856e+00 9.172058395736204517e-01
6.785617746630489819e+03 2.239954775294697331e+00 9.136236057974311819e-01
6.808302040075347577e+03 2.228379898543746407e+00 9.099979276510072879e-01
6.831062167023992515e+03 2.216840238358340542e+00 9.063301357935316105e-01
6.853898380987538076e+03 2.205336110804986038e+00 9.026215404171811230e-01
6.876810936324560316e+03 2.193867823918132842e+00 8.988734315030999511e-01
6.899800088243985556e+03 2.182435677814132724e+00 8.950870790743969962e-01
6.922866092807873429e+03 2.171039964803902933e+00 8.912637334465234318e-01
6.946009206934320900e+03 2.159680969504168324e+00 8.874046254745415752e-01
6.969229688400295345e+03 2.148358968947420067e+00 8.835109667977292247e-01
6.992527795844498542e+03 2.137074232690533204e+00 8.795839500808533273e-01
7.015903788770281608e+03 2.125827022922060827e+00 8.756247492541113786e-01
7.039357927548492626e+03 2.114617594568269698e+00 8.716345197484542950e-01
7.062890473420412491e+03 2.103446195397867147e+00 8.676143987297990634e-01
7.086501688500654382e+03 2.092313066125477850e+00 8.635655053294666317e-01
7.110191835780061410e+03 2.081218440513884271e+00 8.594889408728434432e-01
7.133961179128675212e+03 2.070162545474996563e+00 8.553857891045790751e-01
7.157809983298631778e+03 2.059145601169639406e+00 8.512571164122739731e-01
7.181738513927151871e+03 2.048167821106094522e+00 8.471039720465256551e-01
7.205747037539479606e+03 2.037229412237476556e+00 8.429273883387988775e-01
7.229835821551831032e+03 2.026330575057924577e+00 8.387283809173862181e-01
7.254005134274422744e+03 2.015471503697591871e+00 8.345079489202156253e-01
7.278255244914399555e+03 2.004652386016538390e+00 8.302670752051710679e-01
7.302586423578890390e+03 1.993873403697417057e+00 8.260067265587034413e-01
7.326998941277989616e+03 1.983134732337078487e+00 8.217278539012218275e-01
7.351493069927757460e+03 1.972436541537047061e+00 8.174313924906195794e-01
7.376069082353293197e+03 1.961778994992868119e+00 8.131182621233135066e-01
7.400727252291723744e+03 1.951162250582405111e+00 8.087893673331514321e-01
7.425467854395298673e+03 1.940586460453013196e+00 8.044455975875441922e-01
7.450291164234428834e+03 1.930051771107675229e+00 8.000878274818434832e-01
7.475197458300734979e+03 1.919558323490081708e+00 7.957169169312106050e-01
7.500187014010175517e+03 1.909106253068634684e+00 7.913337113605090067e-01
7.525260109706084222e+03 1.898695689919469132e+00 7.869390418915322982e-01
7.550417024662311633e+03 1.888326758808405392e+00 7.825337255287667659e-01
7.575658039086324607e+03 1.877999579271921737e+00 7.781185653421118786e-01
7.600983434122298604e+03 1.867714265697131282e+00 7.736943506485127742e-01
7.626393491854300919e+03 1.857470927400743044e+00 7.692618571906395530e-01
7.651888495309377504e+03 1.847269668707087087e+00 7.648218473137680107e-01
7.677468728460754392e+03 1.837110589025138685e+00 7.603750701409728308e-01
7.703134476230978180e+03 1.826993782924611898e+00 7.559222617456340387e-01
7.728886024495068341e+03 1.816919340211111678e+00 7.514641453223669387e-01
7.754723660083754112e+03 1.806887346000326966e+00 7.470014313561090802e-01
7.780647670786606795e+03 1.796897880791345159e+00 7.425348177887203249e-01
7.806658345355301208e+03 1.786951020539007784e+00 7.380649901839841931e-01
7.832755973506811642e+03 1.777046836725396872e+00 7.335926218907218299e-01
7.858940845926601469e+03 1.767185396430437816e+00 7.291183742038853666e-01
7.885213254271937330e+03 1.757366762401574745e+00 7.246428965237416975e-01
7.911573491175055096e+03 1.747590993122638992e+00 7.201668265133687186e-01
7.938021850246489521e+03 1.737858142881796297e+00 7.156907902541087552e-01
7.964558626078305679e+03 1.728168261838686215e+00 7.112154023992234286e-01
7.991184114247374055e+03 1.718521396090704201e+00 7.067412663260164152e-01
8.017898611318704752e+03 1.708917587738441268e+00 7.022689742859355988e-01
8.044702414848689841e+03 1.699356874950328722e+00 6.977991075527656406e-01
8.071595823388480312e+03 1.689839292026431794e+00 6.933322365696215073e-01
8.098579136487276628e+03 1.680364869461475452e+00 6.888689210935439178e-01
8.125652654695652927e+03 1.670933634007061297e+00 6.844097103389845671e-01
8.152816679568950349e+03 1.661545608733081991e+00 6.799551431190931083e-01
8.180071513670577588e+03 1.652200813088398723e+00 6.755057479859161162e-01
8.207417460575443329e+03 1.642899262960699769e+00 6.710620433682423780e-01
8.234854824873276812e+03 1.633640970735651399e+00 6.666245377088264590e-01
8.262383912172068449e+03 1.624425945355257195e+00 6.621937295985258487e-01
8.290005029101461332e+03 1.615254192375493725e+00 6.577701079104603110e-01
8.317718483316128186e+03 1.606125714023225903e+00 6.533541519314400858e-01
8.345524583499262008e+03 1.597040509252361407e+00 6.489463314923948900e-01
8.373423639365979398e+03 1.587998573799317859e+00 6.445471070970487659e-01
8.401415961666745716e+03 1.578999900237784138e+00 6.401569300491072312e-01
8.429501862190902102e+03 1.570044478032747604e+00 6.357762425779345250e-01
8.457681653770065168e+03 1.561132293593870957e+00 6.314054779629874048e-01
8.485955650281677663e+03 1.552263330328149671e+00 6.270450606561839280e-01
8.514324166652440908e+03 1.543437568691922168e+00 6.226954064035172820e-01
8.542787518861883655e+03 1.534654986242179442e+00 6.183569223647600310e-01
8.571346023945849083e+03 1.525915557687243629e+00 6.140300072317472768e-01
8.600000000000003638e+03 1.517219254936782447e+00 6.097150513455940057e-01
