3.300000000000000455e+03 2.268254910310210093e+00
3.311031887023875242e+03 2.215584111123075850e+00
3.322100653602695729e+03 2.163758011087391964e+00
3.333206423024661035e+03 2.112768911231122981e+00
3.344349318990138727e+03 2.062609027842722487e+00
3.355529465613009052e+03 2.013270493480971535e+00
3.366746987422076927e+03 1.964745358019048371e+00
3.378002009362448916e+03 1.917025589723665879e+00
3.389294656796905656e+03 1.870103076369486361e+00
3.400625055507335674e+03 1.823969626388895371e+00
3.411993331696097812e+03 1.778616970058036317e+00
3.423399611987457774e+03 1.734036760718850934e+00
3.434844023428983746e+03 1.690220576037938294e+00
3.446326693492952927e+03 1.647159919302344511e+00
3.457847750077798992e+03 1.604846220752514929e+00
3.469407321509501799e+03 1.563270838953095376e+00
3.481005536543046674e+03 1.522425062201422818e+00
3.492642524363846405e+03 1.482300109974421520e+00
3.504318414589168697e+03 1.442887134414030825e+00
3.516033337269606363e+03 1.404177221851354407e+00
3.527787422890496600e+03 1.366161394370123183e+00
3.539580802373398001e+03 1.328830611409393958e+00
3.551413607077540746e+03 1.292175771406036455e+00
3.563285968801278159e+03 1.256187713477173284e+00
3.575198019783577365e+03 1.220857219142709615e+00
3.587149892705466755e+03 1.186175014088455493e+00
3.599141720691536648e+03 1.152131769969773067e+00
3.611173637311414950e+03 1.118718106256214817e+00
3.623245776581237806e+03 1.085924592117292420e+00
3.635358272965173910e+03 1.053741748349418250e+00
3.647511261376889252e+03 1.022160049344517985e+00
3.659704877181077791e+03 9.911699251001513389e-01
3.671939256194956215e+03 9.607617632715657052e-01
3.684214534689766879e+03 9.309259112657235491e-01
3.696530849392321215e+03 9.016526783773457510e-01
3.708888337486491764e+03 8.729323379673252781e-01
3.721287136614770588e+03 8.447551296833220036e-01
3.733727384879784950e+03 8.171112617228860620e-01
3.746209220845828440e+03 7.899909131390417949e-01
3.758732783540428954e+03 7.633842361883366179e-01
3.771298212455869361e+03 7.372813587215759634e-01
3.783905647550764570e+03 7.116723866170314716e-01
3.796555229251611763e+03 6.865474062562980651e-01
3.809247098454340630e+03 6.618964870427119784e-01
3.821981396525913169e+03 6.377096839621905211e-01
3.834758265305859823e+03 6.139770401866443406e-01
3.847577847107897924e+03 5.906885897195921498e-01
3.860440284721496027e+03 5.678343600841231353e-01
3.873345721413454157e+03 5.454043750529324885e-01
3.886294300929531801e+03 5.233886574202171182e-01
3.899286167496011785e+03 5.017772318154373190e-01
3.912321465821337824e+03 4.805601275584882592e-01
3.925400341097711589e+03 4.597273815562361587e-01
3.938522939002703879e+03 4.392690412400497291e-01
3.951689405700894895e+03 4.191751675440065217e-01
3.964899887845480862e+03 3.994358379235399825e-01
3.978154532579932038e+03 3.800411494140304436e-01
3.991453487539614343e+03 3.609812217290800929e-01
4.004796900853429179e+03 3.422462003979562239e-01
4.018184921145488261e+03 3.238262599417184862e-01
4.031617697536735250e+03 3.057116070876538805e-01
4.045095379646638776e+03 2.878924840213075709e-01
4.058618117594842715e+03 2.703591716756932328e-01
4.072186062002831022e+03 2.531019930569878285e-01
4.085799363995626209e+03 2.361113166060343771e-01
4.099458175203450992e+03 2.193775595950448465e-01
4.113162647763434506e+03 2.028911915586622539e-01
4.126912934321303510e+03 1.866427377586716840e-01
4.140709188033059945e+03 1.706227826815274184e-01
4.154551562566732173e+03 1.548219735677178466e-01
4.168440212104034799e+03 1.392310239722368836e-01
4.182375291342128548e+03 1.238407173549637558e-01
4.196356955495324655e+03 1.086419107001063145e-01
4.210385360296802901e+03 9.362553816354690639e-02
4.224460662000374214e+03 7.878261474692734023e-02
4.238583017382191429e+03 6.410423999738722178e-02
4.252752583742515526e+03 4.958160173159401746e-02
4.266969518907472775e+03 3.520597978282886953e-02
4.281233981230777317e+03 2.096874976978535879e-02
4.295546129595542880e+03 6.861386885527255390e-03
4.309906123416010814e+03 -7.124530294713848390e-03
4.324314122639354537e+03 -2.099731598862163498e-02
4.338770287747450311e+03 -3.476517336627686638e-02
4.353274779758654404e+03 -4.843619069577640573e-02
4.367827760229623891e+03 -6.201833747679361825e-02
4.382429391257078350e+03 -7.551946056382705108e-02
4.397079835479641588e+03 -8.894728028118777108e-02
4.411779256079636980e+03 -1.023093865316044432e-01
4.426527816784893730e+03 -1.156132349005784266e-01
4.441325681870598601e+03 -1.288661427586793584e-01
4.456173016161093074e+03 -1.420752853639356272e-01
4.471069985031738725e+03 -1.552476919667620525e-01
4.486016754410745307e+03 -1.683902419197509936e-01
4.501013490781008841e+03 -1.815096607948814555e-01
4.516060361181994267e+03 -1.946125165107829569e-01
4.531157533211557165e+03 -2.077052154726646005e-01
4.546305175027855512e+03 -2.207939987278432492e-01
4.561503455351179582e+03 -2.338849381396245486e-01
4.576752543465860981e+03 -2.469839325826852783e-01
4.592052609222153478e+03 -2.600967041629782539e-01
4.607403823038102018e+03 -2.732287944654001044e-01
4.622806355901473580e+03 -2.863855608326225100e-01
4.638260379371647105e+03 -2.995721726784518202e-01
4.653766065581508883e+03 -3.127936078393295793e-01
4.669323587239404333e+03 -3.260546489677115800e-01
4.684933117631023379e+03 -3.393598799710374481e-01
4.700594830621365873e+03 -3.527136825003651666e-01
4.716308900656646074e+03 -3.661202324926263185e-01
4.732075502766264435e+03 -3.795834967708240915e-01
4.747894812564743916e+03 -3.931072297064385768e-01
4.763767006253669933e+03 -4.066949699485629122e-01
4.779692260623686707e+03 -4.203500372244539651e-01
4.795670753056446301e+03 -4.340755292161951329e-01
4.811702661526573138e+03 -4.478743185184617115e-01
4.827788164603681253e+03 -4.617490496825173985e-01
4.843927441454321524e+03 -4.757021363515906986e-01
4.860120671844014396e+03 -4.897357584931829044e-01
4.876368036139221658e+03 -5.038518597337705573e-01
4.892669715309380081e+03 -5.180521448017666453e-01
4.909025890928909575e+03 -5.323380770846005694e-01
4.925436745179213176e+03 -5.467108763060500864e-01
4.941902460850747048e+03 -5.611715163301942422e-01
4.958423221345029560e+03 -5.757207230983663049e-01
4.974999210676677649e+03 -5.903589727058690118e-01
4.991630613475485916e+03 -6.050864896253527192e-01
5.008317614988449350e+03 -6.199032450838575237e-01
5.025060401081858799e+03 -6.348089556009343104e-01
5.041859158243339152e+03 -6.498030816952390376e-01
5.058714073583953905e+03 -6.648848267674437595e-01
5.075625334840281539e+03 -6.800531361673365360e-01
5.092593130376486442e+03 -6.953066964533153316e-01
5.109617649186449853e+03 -7.106439348527546773e-01
5.126699080895855332e+03 -7.260630189318159067e-01
5.143837615764294242e+03 -7.415618564836619075e-01
5.161033444687412157e+03 -7.571380956442629317e-01
5.178286759198997970e+03 -7.727891252451186688e-01
5.195597751473157587e+03 -7.885120754127092901e-01
5.212966614326415765e+03 -8.043038184244903910e-01
5.230393541219895269e+03 -8.201609698317949837e-01
5.247878726261459633e+03 -8.360798898600548812e-01
5.265422364207858664e+03 -8.520566850971821315e-01
5.283024650466926687e+03 -8.680872104812566992e-01
5.300685781099748965e+03 -8.841670715988498852e-01
5.318405952822826293e+03 -9.002916273057243179e-01
5.336185363010300534e+03 -9.164559926820058378e-01
5.354024209696113758e+03 -9.326550423340655982e-01
5.371922691576259240e+03 -9.488834140559537778e-01
5.389881008010943333e+03 -9.651355128632510549e-01
5.407899359026854654e+03 -9.814055154128957792e-01
5.425977945319366881e+03 -9.976873748225725258e-01
5.444116968254760650e+03 -1.013974825903834143e+00
5.462316629872508202e+03 -1.030261390823479895e+00
5.480577132887473454e+03 -1.046540385207908930e+00
5.498898680692216658e+03 -1.062804924705863741e+00
5.517281477359231758e+03 -1.079047932025062773e+00
5.535725727643216487e+03 -1.095262144458857279e+00
5.554231636983377939e+03 -1.111440121919390789e+00
5.572799411505691751e+03 -1.127574255494083966e+00
5.591429258025221316e+03 -1.143656776542872455e+00
5.610121384048415166e+03 -1.159679766353909347e+00
5.628875997775400720e+03 -1.175635166375976759e+00
5.647693308102334413e+03 -1.191514789046369982e+00
5.666573524623691810e+03 -1.207310329233328261e+00
5.685516857634639564e+03 -1.223013376312798162e+00
5.704523518133361904e+03 -1.238615426899593253e+00
5.723593717823387124e+03 -1.254107898253657760e+00
5.742727669115995923e+03 -1.269482142382700074e+00
5.761925585132531523e+03 -1.284729460862772399e+00
5.781187679706822564e+03 -1.299841120399248817e+00
5.800514167387538691e+03 -1.314808369150872069e+00
5.819905263440571616e+03 -1.329622453840353824e+00
5.839361183851465285e+03 -1.344274637675511697e+00
5.858882145327784201e+03 -1.358756219105440977e+00
5.878468365301557242e+03 -1.373058551436994623e+00
5.898120061931696000e+03 -1.387173063337300061e+00
5.917837454106385849e+03 -1.401091280248743853e+00
5.937620761445591597e+03 -1.414804846743607625e+00
5.957470204303434912e+03 -1.428305549845920508e+00
5.977386003770700881e+03 -1.441585343349137238e+00
5.997368381677280013e+03 -1.454636373158607165e+00
6.017417560594621136e+03 -1.467451003688706734e+00
6.037533763838246159e+03 -1.480021845345213860e+00
6.057717215470219344e+03 -1.492341783124113030e+00
6.077968140301628409e+03 -1.504404006358909918e+00
6.098286763895126569e+03 -1.516202039649279909e+00
6.118673312567393623e+03 -1.527729775004543766e+00
6.139128013391717104e+03 -1.538981505236480363e+00
6.159651094200457919e+03 -1.549951958636547111e+00
6.180242783587641497e+03 -1.560636334973685146e+00
6.200903310911484368e+03 -1.571030342849508932e+00
6.221632906296922556e+03 -1.581130238448694714e+00
6.242431800638230015e+03 -1.590932865723270417e+00
6.263300225601529746e+03 -1.600435698050302280e+00
6.284238413627420414e+03 -1.609636881403591735e+00
6.305246597933559315e+03 -1.618535279080765443e+00
6.326325012517218966e+03 -1.627130518028220063e+00
6.347473892157955561e+03 -1.635423036807390096e+00
6.368693472420161015e+03 -1.643414135246702878e+00
6.389983989655745972e+03 -1.651106025824784940e+00
6.411345681006738232e+03 -1.658501886831371452e+00
6.432778784407913008e+03 -1.665605917353593535e+00
6.454283538589485943e+03 -1.672423394136345776e+00
6.475860183079721537e+03 -1.678960730366545473e+00
6.497508958207644355e+03 -1.685225536432325866e+00
6.519230105105699295e+03 -1.691226682709283224e+00
6.541023865712419138e+03 -1.696974364427167314e+00
6.562890482775156670e+03 -1.702480168671603344e+00
6.584830199852744045e+03 -1.707757143576661640e+00
6.606843261318252189e+03 -1.712819869765420888e+00
6.628929912361688366e+03 -1.717684534096899807e+00
6.651090398992706469e+03 -1.722369005779133655e+00
6.673324968043400077e+03 -1.726892914909490262e+00
6.695633867170993653e+03 -1.731277733504688277e+00
6.718017344860649246e+03 -1.735546859084470706e+00
6.740475650428211338e+03 -1.739725700874215519e+00
6.763009034022972628e+03 -1.743841768693360050e+00
6.785617746630489819e+03 -1.747924764597929670e+00
6.808302040075347577e+03 -1.752006677347043517e+00
6.831062167023992515e+03 -1.756121879764830807e+00
6.853898380987538076e+03 -1.760307229070771529e+00
6.876810936324560316e+03 -1.764602170253132263e+00
6.899800088243985556e+03 -1.769048842561847357e+00
6.922866092807873429e+03 -1.773692189198828872e+00
6.946009206934320900e+03 -1.778580070285526338e+00
6.969229688400295345e+03 -1.783763379189236220e+00
6.992527795844498542e+03 -1.789296162291539538e+00
7.015903788770281608e+03 -1.795138700809335575e+00
7.039357927548492626e+03 -1.801021302813637703e+00
7.062890473420412491e+03 -1.806923570333308415e+00
7.086501688500654382e+03 -1.812845569110090205e+00
7.110191835780061410e+03 -1.818787365105495324e+00
7.133961179128675212e+03 -1.824749024501550299e+00
7.157809983298631778e+03 -1.830730613701522236e+00
7.181738513927151871e+03 -1.836732199330669335e+00
7.205747037539479606e+03 -1.842753848236977410e+00
7.229835821551831032e+03 -1.848795627491899518e+00
7.254005134274422744e+03 -1.854857604391115355e+00
7.278255244914399555e+03 -1.860939846455266444e+00
7.302586423578890390e+03 -1.867042421430721522e+00
7.326998941277989616e+03 -1.873165397290325274e+00
7.351493069927757460e+03 -1.879308842234149513e+00
7.376069082353293197e+03 -1.885472824690265892e+00
7.400727252291723744e+03 -1.891657413315493308e+00
7.425467854395298673e+03 -1.897862676996176168e+00
7.450291164234428834e+03 -1.904088684848945112e+00
7.475197458300734979e+03 -1.910335506221482627e+00
7.500187014010175517e+03 -1.916603210693306414e+00
7.525260109706084222e+03 -1.922891868076532562e+00
7.550417024662311633e+03 -1.929201548416662471e+00
7.575658039086324607e+03 -1.935532321993360894e+00
7.600983434122298604e+03 -1.941884259321230877e+00
7.626393491854300919e+03 -1.948257431150612673e+00
7.651888495309377504e+03 -1.954651908468358013e+00
7.677468728460754392e+03 -1.961067762498632350e+00
7.703134476230978180e+03 -1.967505064703703788e+00
7.728886024495068341e+03 -1.973963886784732225e+00
7.754723660083754112e+03 -1.980444300682582481e+00
7.780647670786606795e+03 -1.986946378578609229e+00
7.806658345355301208e+03 -1.993470192895475002e+00
7.832755973506811642e+03 -2.000015816297952220e+00
7.858940845926601469e+03 -2.006583321693722333e+00
7.885213254271937330e+03 -2.013172782234208924e+00
7.911573491175055096e+03 -2.019784271315368862e+00
7.938021850246489521e+03 -2.026417862578530293e+00
7.964558626078305679e+03 -2.033073629911201774e+00
7.991184114247374055e+03 -2.039751647447892946e+00
8.017898611318704752e+03 -2.046451989570952090e+00
8.044702414848689841e+03 -2.053174730911379697e+00
8.071595823388480312e+03 -2.059919946349674014e+00
8.098579136487276628e+03 -2.066687711016657047e+00
8.125652654695652927e+03 -2.073478100294307680e+00
8.152816679568950349e+03 -2.080291189816615205e+00
8.180071513670577588e+03 -2.087127055470403114e+00
8.207417460575443329e+03 -2.093985773396193739e+00
8.234854824873276812e+03 -2.100867419989039142e+00
8.262383912172068449e+03 -2.107772071899384425e+00
8.290005029101461332e+03 -2.114699806033918161e+00
8.317718483316128186e+03 -2.121650699556420161e+00
8.345524583499262008e+03 -2.128624829888636327e+00
8.373423639365979398e+03 -2.135622274711131752e+00
8.401415961666745716e+03 -2.142643111964151359e+00
8.429501862190902102e+03 -2.149687419848503200e+00
8.457681653770065168e+03 -2.156755276826411105e+00
8.485955650281677663e+03 -2.163846761622405968e+00
8.514324166652440908e+03 -2.170961953224186392e+00
8.542787518861883655e+03 -2.178100930883514419e+00
8.571346023945849083e+03 -2.185263774117087721e+00
8.600000000000003638e+03 -2.192450562707423334e+00
